{
  "seed": 123,
  "cluster_ids": [
    "Astro Aqp4",
    "CR Lhx5",
    "Endo Ctla2a",
    "Endo Cytl1",
    "L2/3 IT ALM Macc1 Lrg1",
    "L2/3 IT ALM Ptrf",
    "L2/3 IT ALM Sla",
    "L2/3 IT VISp Adamts2",
    "L2/3 IT VISp Agmat",
    "L2/3 IT VISp Rrad",
    "L4 IT VISp Rspo1",
    "L5 IT ALM Cbln4 Fezf2",
    "L5 IT ALM Cpa6 Gpr88",
    "L5 IT ALM Gkn1 Pcdh19",
    "L5 IT ALM Lypd1 Gpr88",
    "L5 IT ALM Npw",
    "L5 IT ALM Pld5",
    "L5 IT ALM Tmem163 Arhgap25",
    "L5 IT ALM Tmem163 Dmrtb1",
    "L5 IT ALM Tnc",
    "L5 IT VISp Batf3",
    "L5 IT VISp Col27a1",
    "L5 IT VISp Col6a1 Fezf2",
    "L5 IT VISp Hsd11b1 Endou",
    "L5 IT VISp Whrn Tox2",
    "L5 NP ALM Trhr Nefl",
    "L5 NP VISp Trhr Cpne7",
    "L5 NP VISp Trhr Met",
    "L5 PT ALM Hpgd",
    "L5 PT ALM Npsr1",
    "L5 PT ALM Slco2a1",
    "L5 PT VISp C1ql2 Cdh13",
    "L5 PT VISp C1ql2 Ptgfr",
    "L5 PT VISp Chrna6",
    "L5 PT VISp Lgr5",
    "L6 CT ALM Cpa6",
    "L6 CT ALM Nxph2 Sla",
    "L6 CT VISp Ctxn3 Brinp3",
    "L6 CT VISp Ctxn3 Sla",
    "L6 CT VISp Gpr139",
    "L6 CT VISp Nxph2 Wls",
    "L6 IT ALM Oprk1",
    "L6 IT ALM Tgfb1",
    "L6 IT VISp Car3",
    "L6 IT VISp Col18a1",
    "L6 IT VISp Col23a1 Adamts2",
    "L6 IT VISp Penk Col27a1",
    "L6 IT VISp Penk Fst"
  ],
  "distance_matrix": [
    [
      0.0,
      150.84854125976562,
      384.9691467285156,
      356.5191955566406,
      407.428955078125,
      437.6671142578125,
      409.41046142578125,
      422.1893005371094,
      423.2950439453125,
      426.3540344238281,
      469.357177734375,
      419.4996337890625,
      359.6410217285156,
      364.83599853515625,
      418.2777099609375,
      426.85662841796875,
      427.92327880859375,
      393.49658203125,
      415.0902404785156,
      431.5909423828125,
      343.293212890625,
      426.65557861328125,
      347.1827087402344,
      389.85003662109375,
      365.0445251464844,
      248.90484619140625,
      231.5808868408203,
      236.64105224609375,
      321.3545227050781,
      312.93701171875,
      315.5960998535156,
      318.8648986816406,
      309.46807861328125,
      276.80303955078125,
      290.42144775390625,
      338.6114501953125,
      357.42364501953125,
      381.2591857910156,
      380.56005859375,
      334.0482482910156,
      340.3982849121094,
      380.36297607421875,
      364.803955078125,
      383.7327575683594,
      352.81365966796875,
      375.1456298828125,
      395.1080322265625,
      375.0489196777344
    ],
    [
      150.84854125976562,
      0.0,
      229.79795837402344,
      204.8863525390625,
      251.30093383789062,
      284.8247985839844,
      252.50205993652344,
      261.33355712890625,
      268.5035400390625,
      267.20269775390625,
      296.7669677734375,
      264.521240234375,
      208.80133056640625,
      213.28887939453125,
      264.7294921875,
      271.37054443359375,
      274.6404113769531,
      238.42816162109375,
      265.3451232910156,
      275.0160827636719,
      197.43411254882812,
      270.62371826171875,
      194.44874572753906,
      234.22364807128906,
      227.47088623046875,
      101.19623565673828,
      85.0237045288086,
      86.0401611328125,
      170.01727294921875,
      161.62307739257812,
      164.13475036621094,
      167.3175506591797,
      158.41204833984375,
      125.72554016113281,
      139.72010803222656,
      187.49232482910156,
      187.42990112304688,
      194.63319396972656,
      199.95440673828125,
      175.0469970703125,
      177.06692504882812,
      227.531005859375,
      210.0224151611328,
      232.08441162109375,
      199.4954833984375,
      213.32215881347656,
      240.42543029785156,
      218.71136474609375
    ],
    [
      384.9691467285156,
      229.79795837402344,
      0.0,
      28.341636657714844,
      372.1107482910156,
      378.87408447265625,
      371.54974365234375,
      386.3044738769531,
      384.68084716796875,
      393.57684326171875,
      463.34405517578125,
      452.4454345703125,
      389.25,
      383.3645935058594,
      460.3070373535156,
      459.1900634765625,
      472.55841064453125,
      429.6949462890625,
      467.6890869140625,
      472.94189453125,
      380.8916015625,
      407.8200988769531,
      393.4854736328125,
      422.99493408203125,
      449.44830322265625,
      288.448974609375,
      277.94366455078125,
      273.9598388671875,
      322.40032958984375,
      319.16326904296875,
      326.3494873046875,
      308.424560546875,
      303.746826171875,
      272.651611328125,
      287.820556640625,
      229.03038024902344,
      222.877685546875,
      206.4044189453125,
      224.32107543945312,
      211.45458984375,
      208.32675170898438,
      357.4195556640625,
      361.095947265625,
      352.9566650390625,
      301.61553955078125,
      319.72113037109375,
      317.97808837890625,
      302.22015380859375
    ],
    [
      356.5191955566406,
      204.8863525390625,
      28.341636657714844,
      0.0,
      357.43359375,
      369.730712890625,
      358.2219543457031,
      373.0396728515625,
      373.43792724609375,
      379.431884765625,
      437.3741760253906,
      434.88153076171875,
      374.40478515625,
      371.9013671875,
      441.52752685546875,
      442.02874755859375,
      441.4609375,
      416.26043701171875,
      447.8338317871094,
      460.7236022949219,
      352.9901123046875,
      391.90264892578125,
      355.6947326660156,
      409.71063232421875,
      437.71685791015625,
      262.56951904296875,
      254.0762176513672,
      249.99378967285156,
      307.285400390625,
      294.18377685546875,
      300.2359313964844,
      294.09881591796875,
      280.3098449707031,
      250.89797973632812,
      264.3477783203125,
      218.23878479003906,
      211.5711669921875,
      198.43951416015625,
      214.10284423828125,
      200.01336669921875,
      197.24224853515625,
      340.6188049316406,
      346.87786865234375,
      337.9471435546875,
      286.6735534667969,
      304.76953125,
      308.3016357421875,
      286.46917724609375
    ],
    [
      407.428955078125,
      251.30093383789062,
      372.1107482910156,
      357.43359375,
      0.0,
      29.730070114135742,
      2.198307752609253,
      13.819039344787598,
      17.271324157714844,
      20.732099533081055,
      89.69862365722656,
      103.18263244628906,
      81.54542541503906,
      73.78627014160156,
      112.04302978515625,
      108.11874389648438,
      103.41864013671875,
      95.46603393554688,
      122.50032806396484,
      125.25552368164062,
      113.34730529785156,
      45.69457244873047,
      99.2174072265625,
      88.48371124267578,
      124.45149230957031,
      164.8580322265625,
      185.16140747070312,
      176.86447143554688,
      80.46464538574219,
      90.35090637207031,
      89.49435424804688,
      83.80406188964844,
      92.54695129394531,
      126.16948699951172,
      110.5571517944336,
      134.37457275390625,
      142.44015502929688,
      164.63656616210938,
      146.9468536376953,
      151.107666015625,
      154.69985961914062,
      38.906253814697266,
      62.523712158203125,
      28.659114837646484,
      65.20301818847656,
      48.78727340698242,
      58.45458221435547,
      71.07481384277344
    ],
    [
      437.6671142578125,
      284.8247985839844,
      378.87408447265625,
      369.730712890625,
      29.730070114135742,
      0.0,
      28.241348266601562,
      27.84490394592285,
      18.769855499267578,
      30.657207489013672,
      96.03942108154297,
      126.16675567626953,
      108.65214538574219,
      102.08502197265625,
      135.17385864257812,
      132.2043914794922,
      130.8317108154297,
      118.15858459472656,
      143.90570068359375,
      159.1802978515625,
      139.11831665039062,
      63.954742431640625,
      125.75518798828125,
      111.0433349609375,
      148.06954956054688,
      195.60012817382812,
      214.67506408691406,
      206.9552001953125,
      110.46255493164062,
      121.14678955078125,
      120.78546905517578,
      112.03063201904297,
      121.0752182006836,
      155.83071899414062,
      139.76373291015625,
      146.62313842773438,
      152.75750732421875,
      170.11598205566406,
      152.16018676757812,
      163.82460021972656,
      167.27210998535156,
      69.166259765625,
      92.80825805664062,
      58.72450256347656,
      81.74769592285156,
      65.00257873535156,
      57.456687927246094,
      78.88182067871094
    ],
    [
      409.41046142578125,
      252.50205993652344,
      371.54974365234375,
      358.2219543457031,
      2.198307752609253,
      28.241348266601562,
      0.0,
      15.002506256103516,
      17.252044677734375,
      22.014694213867188,
      91.53231811523438,
      105.17457580566406,
      83.73048400878906,
      75.90626525878906,
      113.86600494384766,
      110.16783142089844,
      105.60514831542969,
      97.68482208251953,
      124.08456420898438,
      126.28639221191406,
      115.68487548828125,
      47.81916809082031,
      101.40798950195312,
      90.74153137207031,
      126.61993408203125,
      166.18228149414062,
      186.35911560058594,
      178.09982299804688,
      81.78968811035156,
      91.58126831054688,
      90.84559631347656,
      84.72557830810547,
      93.59069061279297,
      127.08392333984375,
      111.75293731689453,
      133.8369903564453,
      142.04315185546875,
      165.56329345703125,
      148.6744842529297,
      150.7123565673828,
      154.67074584960938,
      40.65874481201172,
      64.24147033691406,
      30.400863647460938,
      64.9029312133789,
      48.302581787109375,
      56.49073791503906,
      69.77784729003906
    ],
    [
      422.1893005371094,
      261.33355712890625,
      386.3044738769531,
      373.0396728515625,
      13.819039344787598,
      27.84490394592285,
      15.002506256103516,
      0.0,
      9.223397254943848,
      7.007075309753418,
      78.41526794433594,
      95.97687530517578,
      80.73021697998047,
      74.54608154296875,
      105.26702117919922,
      102.25924682617188,
      95.54337310791016,
      90.1572494506836,
      117.12684631347656,
      119.80469512939453,
      109.62382507324219,
      37.029571533203125,
      97.13443756103516,
      83.0172119140625,
      119.4630126953125,
      175.86331176757812,
      198.6277313232422,
      190.39686584472656,
      90.77702331542969,
      100.3145751953125,
      99.2645263671875,
      94.44844055175781,
      103.37864685058594,
      137.56875610351562,
      121.54066467285156,
      149.0794677734375,
      156.03176879882812,
      177.959228515625,
      160.90817260742188,
      164.66651916503906,
      168.9076385498047,
      44.29270935058594,
      66.70721435546875,
      35.699668884277344,
      78.07475280761719,
      62.1170768737793,
      70.84488677978516,
      84.96713256835938
    ],
    [
      423.2950439453125,
      268.5035400390625,
      384.68084716796875,
      373.43792724609375,
      17.271324157714844,
      18.769855499267578,
      17.252044677734375,
      9.223397254943848,
      0.0,
      12.269187927246094,
      84.47648620605469,
      105.8331527709961,
      90.13497924804688,
      83.76661682128906,
      115.80236053466797,
      110.10994720458984,
      103.44103240966797,
      98.893310546875,
      124.717041015625,
      129.61038208007812,
      118.89625549316406,
      45.27452850341797,
      107.10714721679688,
      92.00779724121094,
      128.68020629882812,
      183.84423828125,
      203.19805908203125,
      195.18881225585938,
      97.44865417480469,
      106.83616638183594,
      106.10186767578125,
      100.734130859375,
      109.73414611816406,
      145.13023376464844,
      128.54629516601562,
      153.95062255859375,
      161.43984985351562,
      180.94845581054688,
      162.24105834960938,
      172.21728515625,
      175.96246337890625,
      53.037906646728516,
      75.75312805175781,
      43.65547561645508,
      81.73995971679688,
      64.95083618164062,
      67.86638641357422,
      85.09911346435547
    ],
    [
      426.3540344238281,
      267.20269775390625,
      393.57684326171875,
      379.431884765625,
      20.732099533081055,
      30.657207489013672,
      22.014694213867188,
      7.007075309753418,
      12.269187927246094,
      0.0,
      72.59968566894531,
      93.62422180175781,
      80.620849609375,
      75.05146789550781,
      102.49400329589844,
      97.89505004882812,
      90.60372161865234,
      87.62822723388672,
      113.35444641113281,
      116.25865173339844,
      108.23876953125,
      33.29350280761719,
      96.60958862304688,
      80.74259948730469,
      117.47649383544922,
      182.308837890625,
      205.54220581054688,
      197.05685424804688,
      96.66255187988281,
      105.757568359375,
      104.40576171875,
      100.622314453125,
      109.6166000366211,
      144.40057373046875,
      127.99600219726562,
      155.1053924560547,
      161.79074096679688,
      184.36753845214844,
      166.72666931152344,
      170.61489868164062,
      174.86468505859375,
      47.8338623046875,
      69.26800537109375,
      40.60044860839844,
      84.44444274902344,
      68.50022888183594,
      77.58543395996094,
      92.09605407714844
    ],
    [
      469.357177734375,
      296.7669677734375,
      463.34405517578125,
      437.3741760253906,
      89.69862365722656,
      96.03942108154297,
      91.53231811523438,
      78.41526794433594,
      84.47648620605469,
      72.59968566894531,
      0.0,
      64.16743469238281,
      89.04991149902344,
      89.1484375,
      80.35928344726562,
      64.48966979980469,
      49.53471374511719,
      78.57549285888672,
      97.22293090820312,
      91.16015625,
      106.86238098144531,
      46.38811492919922,
      100.09929656982422,
      72.05430603027344,
      112.61322784423828,
      199.750244140625,
      216.3192138671875,
      211.47415161132812,
      147.11370849609375,
      149.98202514648438,
      142.11305236816406,
      154.229736328125,
      162.24734497070312,
      191.4195098876953,
      179.03211975097656,
      220.6436004638672,
      228.08700561523438,
      250.66302490234375,
      230.27162170410156,
      234.1042938232422,
      238.901123046875,
      90.3303451538086,
      98.98576354980469,
      91.13552856445312,
      148.23651123046875,
      132.14019775390625,
      153.5022735595703,
      157.47805786132812
    ],
    [
      419.4996337890625,
      264.521240234375,
      452.4454345703125,
      434.88153076171875,
      103.18263244628906,
      126.16675567626953,
      105.17457580566406,
      95.97687530517578,
      105.8331527709961,
      93.62422180175781,
      64.16743469238281,
      0.0,
      64.41700744628906,
      68.18234252929688,
      16.710050582885742,
      6.751102924346924,
      18.38595199584961,
      31.569095611572266,
      35.45603942871094,
      26.022377014160156,
      71.91825866699219,
      60.032501220703125,
      70.27619934082031,
      30.521549224853516,
      70.60069274902344,
      164.72073364257812,
      183.92166137695312,
      179.69911193847656,
      129.842529296875,
      124.29608154296875,
      115.99073791503906,
      148.2030792236328,
      153.69534301757812,
      157.58660888671875,
      149.24212646484375,
      217.66531372070312,
      225.39608764648438,
      255.73358154296875,
      233.21241760253906,
      233.2654571533203,
      237.4721221923828,
      86.49930572509766,
      83.6795654296875,
      92.43389892578125,
      155.5791015625,
      141.33480834960938,
      168.4807586669922,
      170.78286743164062
    ],
    [
      359.6410217285156,
      208.80133056640625,
      389.25,
      374.40478515625,
      81.54542541503906,
      108.65214538574219,
      83.73048400878906,
      80.73021697998047,
      90.13497924804688,
      80.620849609375,
      89.04991149902344,
      64.41700744628906,
      0.0,
      9.50621509552002,
      66.77338409423828,
      70.71150207519531,
      72.83639526367188,
      41.94957733154297,
      69.77302551269531,
      77.90447998046875,
      36.673587799072266,
      55.21770477294922,
      18.219079971313477,
      37.33292007446289,
      58.605228424072266,
      109.60608673095703,
      128.93548583984375,
      124.15402221679688,
      64.89144897460938,
      60.729759216308594,
      52.78343963623047,
      79.64305114746094,
      81.27424621582031,
      95.92794799804688,
      86.78484344482422,
      166.699462890625,
      175.84619140625,
      199.69610595703125,
      182.4991455078125,
      181.74415588378906,
      186.85446166992188,
      47.31031036376953,
      27.194549560546875,
      58.032325744628906,
      110.21217346191406,
      101.39889526367188,
      129.86419677734375,
      124.76063537597656
    ],
    [
      364.83599853515625,
      213.28887939453125,
      383.3645935058594,
      371.9013671875,
      73.78627014160156,
      102.08502197265625,
      75.90626525878906,
      74.54608154296875,
      83.76661682128906,
      75.05146789550781,
      89.1484375,
      68.18234252929688,
      9.50621509552002,
      0.0,
      71.64495086669922,
      74.43148803710938,
      75.71197509765625,
      48.47681427001953,
      75.95390319824219,
      83.04325103759766,
      46.17938995361328,
      52.560203552246094,
      27.382587432861328,
      42.886722564697266,
      67.38571166992188,
      116.37680053710938,
      135.9306640625,
      130.3480224609375,
      64.6130599975586,
      62.21881866455078,
      54.78489685058594,
      78.74827575683594,
      81.85903930664062,
      99.283203125,
      89.6144790649414,
      160.62110900878906,
      167.50270080566406,
      191.30125427246094,
      176.36392211914062,
      173.82858276367188,
      178.65145874023438,
      38.12023162841797,
      19.053741455078125,
      49.019432067871094,
      103.87973022460938,
      94.26050567626953,
      120.3941650390625,
      119.5446548461914
    ],
    [
      418.2777099609375,
      264.7294921875,
      460.3070373535156,
      441.52752685546875,
      112.04302978515625,
      135.17385864257812,
      113.86600494384766,
      105.26702117919922,
      115.80236053466797,
      102.49400329589844,
      80.35928344726562,
      16.710050582885742,
      66.77338409423828,
      71.64495086669922,
      0.0,
      20.378498077392578,
      34.99995422363281,
      26.897499084472656,
      19.056333541870117,
      11.876754760742188,
      70.32759857177734,
      70.21082305908203,
      69.50212860107422,
      29.571969985961914,
      62.2468147277832,
      163.88389587402344,
      182.84857177734375,
      179.50128173828125,
      131.52122497558594,
      126.49444580078125,
      117.76055145263672,
      151.88221740722656,
      157.11915588378906,
      157.51174926757812,
      149.38113403320312,
      224.0371856689453,
      232.04180908203125,
      258.01763916015625,
      239.470703125,
      238.9944305419922,
      243.9913787841797,
      93.36516571044922,
      88.18081665039062,
      99.6010513305664,
      163.07205200195312,
      147.92501831054688,
      176.89208984375,
      174.1956024169922
    ],
    [
      426.85662841796875,
      271.37054443359375,
      459.1900634765625,
      442.02874755859375,
      108.11874389648438,
      132.2043914794922,
      110.16783142089844,
      102.25924682617188,
      110.10994720458984,
      97.89505004882812,
      64.48966979980469,
      6.751102924346924,
      70.71150207519531,
      74.43148803710938,
      20.378498077392578,
      0.0,
      15.819414138793945,
      38.29058837890625,
      39.439788818359375,
      27.186920166015625,
      78.60940551757812,
      64.33625030517578,
      76.75581359863281,
      37.22898864746094,
      77.51620483398438,
      172.44381713867188,
      191.71844482421875,
      186.8863067626953,
      136.45684814453125,
      130.54501342773438,
      122.74449920654297,
      154.49826049804688,
      159.24444580078125,
      163.628173828125,
      155.5291748046875,
      224.5548858642578,
      231.96420288085938,
      266.4200744628906,
      239.1949462890625,
      240.15408325195312,
      245.23672485351562,
      92.61965942382812,
      90.02801513671875,
      98.79558563232422,
      161.38485717773438,
      147.7494354248047,
      173.502685546875,
      173.51632690429688
    ],
    [
      427.92327880859375,
      274.6404113769531,
      472.55841064453125,
      441.4609375,
      103.41864013671875,
      130.8317108154297,
      105.60514831542969,
      95.54337310791016,
      103.44103240966797,
      90.60372161865234,
      49.53471374511719,
      18.38595199584961,
      72.83639526367188,
      75.71197509765625,
      34.99995422363281,
      15.819414138793945,
      0.0,
      45.420440673828125,
      53.88361358642578,
      42.94981384277344,
      83.10960388183594,
      58.812538146972656,
      79.93701171875,
      42.76995086669922,
      84.52611541748047,
      174.9168243408203,
      193.654052734375,
      189.57366943359375,
      142.75682067871094,
      133.99844360351562,
      125.16239166259766,
      153.19590759277344,
      160.3065948486328,
      166.34768676757812,
      158.30494689941406,
      225.59429931640625,
      232.68267822265625,
      259.99737548828125,
      238.798095703125,
      241.47344970703125,
      246.60501098632812,
      91.08113098144531,
      90.6758041381836,
      97.98957824707031,
      159.58026123046875,
      144.30430603027344,
      164.609130859375,
      168.7310028076172
    ],
    [
      393.49658203125,
      238.42816162109375,
      429.6949462890625,
      416.26043701171875,
      95.46603393554688,
      118.15858459472656,
      97.68482208251953,
      90.1572494506836,
      98.893310546875,
      87.62822723388672,
      78.57549285888672,
      31.569095611572266,
      41.94957733154297,
      48.47681427001953,
      26.897499084472656,
      38.29058837890625,
      45.420440673828125,
      0.0,
      27.979656219482422,
      36.748348236083984,
      43.27375793457031,
      56.14418029785156,
      43.698341369628906,
      6.925543785095215,
      39.056373596191406,
      137.72189331054688,
      157.22982788085938,
      154.77243041992188,
      106.07942199707031,
      98.45106506347656,
      90.12109375,
      120.95634460449219,
      120.40318298339844,
      131.25103759765625,
      123.18514251708984,
      204.18983459472656,
      211.45458984375,
      234.41839599609375,
      218.0623779296875,
      217.89962768554688,
      223.047119140625,
      74.54220581054688,
      65.88084411621094,
      81.60150146484375,
      145.30743408203125,
      129.95362854003906,
      149.43856811523438,
      154.57720947265625
    ],
    [
      415.0902404785156,
      265.3451232910156,
      467.6890869140625,
      447.8338317871094,
      122.50032806396484,
      143.90570068359375,
      124.08456420898438,
      117.12684631347656,
      124.717041015625,
      113.35444641113281,
      97.22293090820312,
      35.45603942871094,
      69.77302551269531,
      75.95390319824219,
      19.056333541870117,
      39.439788818359375,
      53.88361358642578,
      27.979656219482422,
      0.0,
      17.620620727539062,
      67.17828369140625,
      81.72273254394531,
      71.11463928222656,
      34.092838287353516,
      50.372520446777344,
      164.10549926757812,
      183.68682861328125,
      180.12625122070312,
      134.0650634765625,
      127.90707397460938,
      119.74738311767578,
      158.05337524414062,
      148.96864318847656,
      160.40029907226562,
      151.9685516357422,
      232.95840454101562,
      240.35565185546875,
      264.8955078125,
      247.6475372314453,
      246.06936645507812,
      250.776611328125,
      101.46418762207031,
      94.13003540039062,
      108.25820922851562,
      172.9873809814453,
      157.25759887695312,
      179.75405883789062,
      182.7669219970703
    ],
    [
      431.5909423828125,
      275.0160827636719,
      472.94189453125,
      460.7236022949219,
      125.25552368164062,
      159.1802978515625,
      126.28639221191406,
      119.80469512939453,
      129.61038208007812,
      116.25865173339844,
      91.16015625,
      26.022377014160156,
      77.90447998046875,
      83.04325103759766,
      11.876754760742188,
      27.186920166015625,
      42.94981384277344,
      36.748348236083984,
      17.620620727539062,
      0.0,
      79.49485778808594,
      81.79124450683594,
      80.2152328491211,
      40.501739501953125,
      66.9364013671875,
      174.41249084472656,
      194.10687255859375,
      189.45449829101562,
      143.11471557617188,
      136.07162475585938,
      127.69361877441406,
      166.17202758789062,
      169.53662109375,
      169.2655029296875,
      161.35452270507812,
      237.25790405273438,
      245.1304168701172,
      270.5728454589844,
      253.08706665039062,
      251.3885498046875,
      255.4310302734375,
      105.09941101074219,
      99.68212127685547,
      111.61783599853516,
      175.90841674804688,
      159.96408081054688,
      194.49295043945312,
      189.56422424316406
    ],
    [
      343.293212890625,
      197.43411254882812,
      380.8916015625,
      352.9901123046875,
      113.34730529785156,
      139.11831665039062,
      115.68487548828125,
      109.62382507324219,
      118.89625549316406,
      108.23876953125,
      106.86238098144531,
      71.91825866699219,
      36.673587799072266,
      46.17938995361328,
      70.32759857177734,
      78.60940551757812,
      83.10960388183594,
      43.27375793457031,
      67.17828369140625,
      79.49485778808594,
      0.0,
      79.44163513183594,
      20.54469871520996,
      41.97721862792969,
      31.05023956298828,
      96.1409912109375,
      115.11516571044922,
      111.33790588378906,
      76.5389175415039,
      67.73005676269531,
      59.81005096435547,
      90.99372863769531,
      88.2867431640625,
      95.22793579101562,
      88.79034423828125,
      189.63133239746094,
      197.34634399414062,
      224.56121826171875,
      203.86361694335938,
      204.6737518310547,
      210.87460327148438,
      83.08685302734375,
      61.847442626953125,
      93.30964660644531,
      137.63490295410156,
      130.01071166992188,
      167.03945922851562,
      153.06658935546875
    ],
    [
      426.65557861328125,
      270.62371826171875,
      407.8200988769531,
      391.90264892578125,
      45.69457244873047,
      63.954742431640625,
      47.81916809082031,
      37.029571533203125,
      45.27452850341797,
      33.29350280761719,
      46.38811492919922,
      60.032501220703125,
      55.21770477294922,
      52.560203552246094,
      70.21082305908203,
      64.33625030517578,
      58.812538146972656,
      56.14418029785156,
      81.72273254394531,
      81.79124450683594,
      79.44163513183594,
      0.0,
      68.95356750488281,
      49.15521240234375,
      86.81024169921875,
      174.77603149414062,
      195.83993530273438,
      189.47174072265625,
      101.38692474365234,
      106.56671905517578,
      103.31124877929688,
      108.05728149414062,
      116.3145751953125,
      146.78976440429688,
      133.32150268554688,
      165.30828857421875,
      172.84552001953125,
      198.3574981689453,
      177.5263214111328,
      180.0762939453125,
      184.90554809570312,
      44.50823974609375,
      57.32301330566406,
      44.711727142333984,
      101.83561706542969,
      86.48342895507812,
      104.36676025390625,
      111.77466583251953
    ],
    [
      347.1827087402344,
      194.44874572753906,
      393.4854736328125,
      355.6947326660156,
      99.2174072265625,
      125.75518798828125,
      101.40798950195312,
      97.13443756103516,
      107.10714721679688,
      96.60958862304688,
      100.09929656982422,
      70.27619934082031,
      18.219079971313477,
      27.382587432861328,
      69.50212860107422,
      76.75581359863281,
      79.93701171875,
      43.698341369628906,
      71.11463928222656,
      80.2152328491211,
      20.54469871520996,
      68.95356750488281,
      0.0,
      40.17768096923828,
      48.83460235595703,
      94.89057922363281,
      114.21205139160156,
      109.9501724243164,
      62.38816833496094,
      54.97037124633789,
      46.816673278808594,
      77.34050750732422,
      76.14079284667969,
      87.54446411132812,
      78.64139556884766,
      171.6471710205078,
      179.5784912109375,
      207.2967071533203,
      187.43458557128906,
      186.64295959472656,
      192.17562866210938,
      65.44625854492188,
      41.243255615234375,
      76.44522094726562,
      118.10073852539062,
      110.18920135498047,
      140.19837951660156,
      133.34280395507812
    ],
    [
      389.85003662109375,
      234.22364807128906,
      422.99493408203125,
      409.71063232421875,
      88.48371124267578,
      111.0433349609375,
      90.74153137207031,
      83.0172119140625,
      92.00779724121094,
      80.74259948730469,
      72.05430603027344,
      30.521549224853516,
      37.33292007446289,
      42.886722564697266,
      29.571969985961914,
      37.22898864746094,
      42.76995086669922,
      6.925543785095215,
      34.092838287353516,
      40.501739501953125,
      41.97721862792969,
      49.15521240234375,
      40.17768096923828,
      0.0,
      42.60340118408203,
      134.1015625,
      153.32568359375,
      149.67437744140625,
      101.41796875,
      95.13075256347656,
      86.63839721679688,
      123.05665588378906,
      116.53266143798828,
      128.0723114013672,
      119.78897857666016,
      196.84957885742188,
      204.36170959472656,
      227.23452758789062,
      211.47097778320312,
      211.05224609375,
      216.52865600585938,
      67.70659637451172,
      59.9564094543457,
      74.65707397460938,
      138.10177612304688,
      123.05032348632812,
      142.63987731933594,
      147.5560302734375
    ],
    [
      365.0445251464844,
      227.47088623046875,
      449.44830322265625,
      437.71685791015625,
      124.45149230957031,
      148.06954956054688,
      126.61993408203125,
      119.4630126953125,
      128.68020629882812,
      117.47649383544922,
      112.61322784423828,
      70.60069274902344,
      58.605228424072266,
      67.38571166992188,
      62.2468147277832,
      77.51620483398438,
      84.52611541748047,
      39.056373596191406,
      50.372520446777344,
      66.9364013671875,
      31.05023956298828,
      86.81024169921875,
      48.83460235595703,
      42.60340118408203,
      0.0,
      125.7621078491211,
      144.02224731445312,
      140.69784545898438,
      107.74411010742188,
      98.43415832519531,
      90.72492980957031,
      124.43310546875,
      121.15257263183594,
      125.58201599121094,
      119.31690216064453,
      227.59988403320312,
      230.78111267089844,
      261.1416015625,
      243.50921630859375,
      242.84933471679688,
      247.67007446289062,
      99.59091186523438,
      85.87739562988281,
      108.30693054199219,
      171.06951904296875,
      157.8752899169922,
      177.65716552734375,
      182.52334594726562
    ],
    [
      248.90484619140625,
      101.19623565673828,
      288.448974609375,
      262.56951904296875,
      164.8580322265625,
      195.60012817382812,
      166.18228149414062,
      175.86331176757812,
      183.84423828125,
      182.308837890625,
      199.750244140625,
      164.72073364257812,
      109.60608673095703,
      116.37680053710938,
      163.88389587402344,
      172.44381713867188,
      174.9168243408203,
      137.72189331054688,
      164.10549926757812,
      174.41249084472656,
      96.1409912109375,
      174.77603149414062,
      94.89057922363281,
      134.1015625,
      125.7621078491211,
      0.0,
      19.46416473388672,
      15.05716609954834,
      84.2182388305664,
      73.45343017578125,
      72.99644470214844,
      86.78385925292969,
      77.8677978515625,
      52.674861907958984,
      61.527854919433594,
      153.5141143798828,
      162.226806640625,
      190.5951690673828,
      175.04815673828125,
      163.27056884765625,
      168.65396118164062,
      131.23135375976562,
      115.72616577148438,
      137.36483764648438,
      141.15377807617188,
      154.02935791015625,
      181.56369018554688,
      158.02294921875
    ],
    [
      231.5808868408203,
      85.0237045288086,
      277.94366455078125,
      254.0762176513672,
      185.16140747070312,
      214.67506408691406,
      186.35911560058594,
      198.6277313232422,
      203.19805908203125,
      205.54220581054688,
      216.3192138671875,
      183.92166137695312,
      128.93548583984375,
      135.9306640625,
      182.84857177734375,
      191.71844482421875,
      193.654052734375,
      157.22982788085938,
      183.68682861328125,
      194.10687255859375,
      115.11516571044922,
      195.83993530273438,
      114.21205139160156,
      153.32568359375,
      144.02224731445312,
      19.46416473388672,
      0.0,
      8.8896484375,
      102.20642852783203,
      91.49172973632812,
      92.0381851196289,
      103.171142578125,
      94.00827026367188,
      66.0297622680664,
      77.011474609375,
      161.5924835205078,
      167.7646026611328,
      192.788330078125,
      191.11001586914062,
      168.49180603027344,
      173.29086303710938,
      150.470458984375,
      135.93031311035156,
      156.6492919921875,
      152.02017211914062,
      163.75033569335938,
      193.02920532226562,
      168.86180114746094
    ],
    [
      236.64105224609375,
      86.0401611328125,
      273.9598388671875,
      249.99378967285156,
      176.86447143554688,
      206.9552001953125,
      178.09982299804688,
      190.39686584472656,
      195.18881225585938,
      197.05685424804688,
      211.47415161132812,
      179.69911193847656,
      124.15402221679688,
      130.3480224609375,
      179.50128173828125,
      186.8863067626953,
      189.57366943359375,
      154.77243041992188,
      180.12625122070312,
      189.45449829101562,
      111.33790588378906,
      189.47174072265625,
      109.9501724243164,
      149.67437744140625,
      140.69784545898438,
      15.05716609954834,
      8.8896484375,
      0.0,
      93.81011962890625,
      83.68180084228516,
      84.95664978027344,
      94.67738342285156,
      85.52776336669922,
      57.12537384033203,
      68.15789794921875,
      151.90916442871094,
      158.48883056640625,
      185.5411376953125,
      181.0832977294922,
      158.205322265625,
      163.66488647460938,
      144.1182861328125,
      128.94607543945312,
      149.63851928710938,
      144.0323486328125,
      155.51614379882812,
      183.10089111328125,
      160.55838012695312
    ],
    [
      321.3545227050781,
      170.01727294921875,
      322.40032958984375,
      307.285400390625,
      80.46464538574219,
      110.46255493164062,
      81.78968811035156,
      90.77702331542969,
      97.44865417480469,
      96.66255187988281,
      147.11370849609375,
      129.842529296875,
      64.89144897460938,
      64.6130599975586,
      131.52122497558594,
      136.45684814453125,
      142.75682067871094,
      106.07942199707031,
      134.0650634765625,
      143.11471557617188,
      76.5389175415039,
      101.38692474365234,
      62.38816833496094,
      101.41796875,
      107.74411010742188,
      84.2182388305664,
      102.20642852783203,
      93.81011962890625,
      0.0,
      11.84543228149414,
      17.441308975219727,
      14.940950393676758,
      17.645488739013672,
      45.01561737060547,
      31.73831558227539,
      119.1124267578125,
      126.51927185058594,
      150.14724731445312,
      131.79739379882812,
      129.76699829101562,
      135.29530334472656,
      56.74300003051758,
      51.59788513183594,
      58.608306884765625,
      72.61769104003906,
      69.68681335449219,
      101.18775939941406,
      89.86536407470703
    ],
    [
      312.93701171875,
      161.62307739257812,
      319.16326904296875,
      294.18377685546875,
      90.35090637207031,
      121.14678955078125,
      91.58126831054688,
      100.3145751953125,
      106.83616638183594,
      105.757568359375,
      149.98202514648438,
      124.29608154296875,
      60.729759216308594,
      62.21881866455078,
      126.49444580078125,
      130.54501342773438,
      133.99844360351562,
      98.45106506347656,
      127.90707397460938,
      136.07162475585938,
      67.73005676269531,
      106.56671905517578,
      54.97037124633789,
      95.13075256347656,
      98.43415832519531,
      73.45343017578125,
      91.49172973632812,
      83.68180084228516,
      11.84543228149414,
      0.0,
      8.200282096862793,
      23.61852264404297,
      21.049760818481445,
      39.57597732543945,
      27.877769470214844,
      129.0731201171875,
      132.77542114257812,
      157.87599182128906,
      143.12977600097656,
      134.79107666015625,
      140.57095336914062,
      62.67191696166992,
      52.93347930908203,
      66.82913970947266,
      84.41131591796875,
      80.9570083618164,
      112.25257110595703,
      101.41708374023438
    ],
    [
      315.5960998535156,
      164.13475036621094,
      326.3494873046875,
      300.2359313964844,
      89.49435424804688,
      120.78546905517578,
      90.84559631347656,
      99.2645263671875,
      106.10186767578125,
      104.40576171875,
      142.11305236816406,
      115.99073791503906,
      52.78343963623047,
      54.78489685058594,
      117.76055145263672,
      122.74449920654297,
      125.16239166259766,
      90.12109375,
      119.74738311767578,
      127.69361877441406,
      59.81005096435547,
      103.31124877929688,
      46.816673278808594,
      86.63839721679688,
      90.72492980957031,
      72.99644470214844,
      92.0381851196289,
      84.95664978027344,
      17.441308975219727,
      8.200282096862793,
      0.0,
      31.22865867614746,
      29.25410270690918,
      45.53509521484375,
      34.71263122558594,
      134.7601776123047,
      141.4206085205078,
      165.44039916992188,
      150.46432495117188,
      142.734619140625,
      148.9378662109375,
      59.46637725830078,
      47.18263626098633,
      64.48045349121094,
      87.49590301513672,
      83.06211853027344,
      114.09785461425781,
      104.38111114501953
    ],
    [
      318.8648986816406,
      167.3175506591797,
      308.424560546875,
      294.09881591796875,
      83.80406188964844,
      112.03063201904297,
      84.72557830810547,
      94.44844055175781,
      100.734130859375,
      100.622314453125,
      154.229736328125,
      148.2030792236328,
      79.64305114746094,
      78.74827575683594,
      151.88221740722656,
      154.49826049804688,
      153.19590759277344,
      120.95634460449219,
      158.05337524414062,
      166.17202758789062,
      90.99372863769531,
      108.05728149414062,
      77.34050750732422,
      123.05665588378906,
      124.43310546875,
      86.78385925292969,
      103.171142578125,
      94.67738342285156,
      14.940950393676758,
      23.61852264404297,
      31.22865867614746,
      0.0,
      9.213491439819336,
      40.721275329589844,
      27.300262451171875,
      104.94560241699219,
      112.3554458618164,
      134.8582763671875,
      120.0523681640625,
      115.90744018554688,
      120.14913177490234,
      63.771263122558594,
      63.466270446777344,
      63.69319152832031,
      66.94174194335938,
      67.47467803955078,
      99.7531967163086,
