{
  "seed": 123,
  "cluster_ids": [
    "Astro Aqp4",
    "CR Lhx5",
    "Endo Ctla2a",
    "Endo Cytl1",
    "L2/3 IT ALM Macc1 Lrg1",
    "L2/3 IT ALM Ptrf",
    "L2/3 IT ALM Sla",
    "L2/3 IT VISp Adamts2",
    "L2/3 IT VISp Agmat",
    "L2/3 IT VISp Rrad",
    "L4 IT VISp Rspo1",
    "L5 IT ALM Cbln4 Fezf2",
    "L5 IT ALM Cpa6 Gpr88",
    "L5 IT ALM Gkn1 Pcdh19",
    "L5 IT ALM Lypd1 Gpr88",
    "L5 IT ALM Npw",
    "L5 IT ALM Pld5",
    "L5 IT ALM Tmem163 Arhgap25",
    "L5 IT ALM Tmem163 Dmrtb1",
    "L5 IT ALM Tnc",
    "L5 IT VISp Batf3",
    "L5 IT VISp Col27a1",
    "L5 IT VISp Col6a1 Fezf2",
    "L5 IT VISp Hsd11b1 Endou",
    "L5 IT VISp Whrn Tox2",
    "L5 NP ALM Trhr Nefl",
    "L5 NP VISp Trhr Cpne7",
    "L5 NP VISp Trhr Met",
    "L5 PT ALM Hpgd",
    "L5 PT ALM Npsr1",
    "L5 PT ALM Slco2a1",
    "L5 PT VISp C1ql2 Cdh13",
    "L5 PT VISp C1ql2 Ptgfr",
    "L5 PT VISp Chrna6",
    "L5 PT VISp Lgr5",
    "L6 CT ALM Cpa6",
    "L6 CT ALM Nxph2 Sla",
    "L6 CT VISp Ctxn3 Brinp3",
    "L6 CT VISp Ctxn3 Sla",
    "L6 CT VISp Gpr139",
    "L6 CT VISp Nxph2 Wls",
    "L6 IT ALM Oprk1",
    "L6 IT ALM Tgfb1",
    "L6 IT VISp Car3",
    "L6 IT VISp Col18a1",
    "L6 IT VISp Col23a1 Adamts2",
    "L6 IT VISp Penk Col27a1",
    "L6 IT VISp Penk Fst",
    "L6 NP ALM Trh",
    "L6b ALM Olfr111 Nxph1",
    "L6b ALM Olfr111 Spon1",
    "L6b Hsd17b2",
    "L6b P2ry12",
    "L6b VISp Col8a1 Rprm",
    "L6b VISp Col8a1 Rxfp1",
    "Lamp5 Fam19a1 Pax6",
    "Lamp5 Fam19a1 Tmem182",
    "Lamp5 Krt73",
    "Lamp5 Lhx6",
    "Lamp5 Lsp1",
    "Lamp5 Ntn1 Npy2r",
    "Lamp5 Plch2 Dock5",
    "Meis2 Adamts19",
    "Microglia Siglech",
    "OPC Pdgfra Ccnb1",
    "OPC Pdgfra Grm5",
    "Oligo Rassf10",
    "Oligo Serpinb1a",
    "Oligo Synpr",
    "PVM Mrc1",
    "Peri Kcnj8",
    "Pvalb Akr1c18 Ntf3",
    "Pvalb Calb1 Sst",
    "Pvalb Gabrg1",
    "Pvalb Gpr149 Islr",
    "Pvalb Reln Itm2a",
    "Pvalb Reln Tac1",
    "Pvalb Sema3e Kank4",
    "Pvalb Th Sst",
    "Pvalb Tpbg",
    "Pvalb Vipr2",
    "SMC Acta2",
    "Serpinf1 Aqp5 Vip",
    "Serpinf1 Clrn1",
    "Sncg Gpr50",
    "Sncg Slc17a8",
    "Sncg Vip Itih5",
    "Sncg Vip Nptx2",
    "Sst Calb2 Necab1",
    "Sst Calb2 Pdlim5",
    "Sst Chodl",
    "Sst Chrna2 Glra3",
    "Sst Chrna2 Ptgdr",
    "Sst Crh 4930553C11Rik ",
    "Sst Crhr2 Efemp1",
    "Sst Esm1"
  ],
  "distance_matrix": [
    [
      0.0,
      150.84854125976562,
      384.9691467285156,
      356.5191650390625,
      407.428955078125,
      437.6670837402344,
      409.41046142578125,
      422.1893005371094,
      423.2950439453125,
      426.35400390625,
      469.357177734375,
      419.49957275390625,
      359.64105224609375,
      364.83599853515625,
      418.2777099609375,
      426.8565979003906,
      427.9232177734375,
      393.49658203125,
      415.0902404785156,
      431.5909423828125,
      343.29327392578125,
      426.6556091308594,
      347.18267822265625,
      389.85003662109375,
      365.0445251464844,
      248.90484619140625,
      231.58090209960938,
      236.64105224609375,
      321.3545227050781,
      312.93701171875,
      315.5960998535156,
      318.8648986816406,
      309.46807861328125,
      276.80303955078125,
      290.42144775390625,
      338.6114501953125,
      357.42364501953125,
      381.2591857910156,
      380.56005859375,
      334.0482177734375,
      340.3983154296875,
      380.3629455566406,
      364.803955078125,
      383.73272705078125,
      352.81365966796875,
      375.1456604003906,
      395.1080322265625,
      375.04888916015625,
      243.20166015625,
      281.47833251953125,
      287.2286071777344,
      286.79766845703125,
      276.794921875,
      301.76922607421875,
      299.73663330078125,
      274.1845397949219,
      274.1001892089844,
      277.8375549316406,
      369.78668212890625,
      387.46368408203125,
      289.615966796875,
      300.9864196777344,
      141.32034301757812,
      214.31411743164062,
      76.9042739868164,
      79.09689331054688,
      106.75723266601562,
      114.67713928222656,
      119.35955810546875,
      198.51910400390625,
      273.78558349609375,
      364.275634765625,
      368.3970642089844,
      324.32440185546875,
      357.96429443359375,
      392.3446960449219,
      376.7377014160156,
      371.11474609375,
      339.4573974609375,
      396.0165100097656,
      360.076904296875,
      271.77557373046875,
      205.94778442382812,
      256.889892578125,
      278.09033203125,
      278.974853515625,
      270.80810546875,
      277.0968933105469,
      340.3443908691406,
      348.26300048828125,
      437.126220703125,
      342.8619689941406,
      332.67425537109375,
      368.357666015625,
      352.88897705078125,
      365.86077880859375
    ],
    [
      150.84854125976562,
      0.0,
      229.7979736328125,
      204.88633728027344,
      251.30093383789062,
      284.82476806640625,
      252.50204467773438,
      261.33355712890625,
      268.5035400390625,
      267.2026672363281,
      296.7669372558594,
      264.521240234375,
      208.80133056640625,
      213.28884887695312,
      264.7294921875,
      271.37054443359375,
      274.640380859375,
      238.42816162109375,
      265.3451232910156,
      275.0160827636719,
      197.43411254882812,
      270.62371826171875,
      194.44876098632812,
      234.22366333007812,
      227.47088623046875,
      101.19623565673828,
      85.0237045288086,
      86.04015350341797,
      170.01727294921875,
      161.62306213378906,
      164.13475036621094,
      167.31756591796875,
      158.41204833984375,
      125.72554016113281,
      139.72010803222656,
      187.4923095703125,
      187.42990112304688,
      194.63319396972656,
      199.9543914794922,
      175.04698181152344,
      177.06692504882812,
      227.531005859375,
      210.0224151611328,
      232.08438110351562,
      199.4954833984375,
      213.32215881347656,
      240.42544555664062,
      218.71136474609375,
      98.13002014160156,
      130.17295837402344,
      135.74935913085938,
      135.88375854492188,
      125.49009704589844,
      148.76739501953125,
      146.4661407470703,
      190.45858764648438,
      184.35696411132812,
      193.72500610351562,
      242.87692260742188,
      257.027099609375,
      198.80235290527344,
      208.26351928710938,
      30.59400177001953,
      165.09561157226562,
      74.90887451171875,
      76.65811157226562,
      64.08502197265625,
      98.36579895019531,
      81.20579528808594,
      155.85089111328125,
      161.7079315185547,
      262.49786376953125,
      261.14166259765625,
      219.6441650390625,
      256.1570129394531,
      290.906494140625,
      269.38922119140625,
      268.99151611328125,
      233.36419677734375,
      344.6646423339844,
      259.8572082519531,
      159.57675170898438,
      157.53176879882812,
      183.1553497314453,
      220.54776000976562,
      236.12530517578125,
      225.7464599609375,
      201.556884765625,
      240.6185760498047,
      247.59075927734375,
      321.3557434082031,
      244.12771606445312,
      227.71926879882812,
      271.87432861328125,
      254.15557861328125,
      263.3138427734375
    ],
    [
      384.9691467285156,
      229.7979736328125,
      0.0,
      28.341638565063477,
      372.1107482910156,
      378.8741455078125,
      371.54974365234375,
      386.304443359375,
      384.68084716796875,
      393.57684326171875,
      463.34405517578125,
      452.4454345703125,
      389.2499694824219,
      383.3645935058594,
      460.3070068359375,
      459.1900634765625,
      472.55841064453125,
      429.6949462890625,
      467.6890869140625,
      472.94183349609375,
      380.8916320800781,
      407.82012939453125,
      393.4855041503906,
      422.99493408203125,
      449.4483337402344,
      288.448974609375,
      277.94366455078125,
      273.9598388671875,
      322.4002990722656,
      319.1632995605469,
      326.3495178222656,
      308.424560546875,
      303.746826171875,
      272.651611328125,
      287.820556640625,
      229.03038024902344,
      222.877685546875,
      206.4044189453125,
      224.32107543945312,
      211.45458984375,
      208.32675170898438,
      357.41961669921875,
      361.0959777832031,
      352.9566650390625,
      301.61553955078125,
      319.7211608886719,
      317.97808837890625,
      302.22015380859375,
      297.0979919433594,
      225.62698364257812,
      225.77529907226562,
      205.86001586914062,
      222.4443817138672,
      205.61651611328125,
      226.72740173339844,
      470.92486572265625,
      469.4782409667969,
      485.9346008300781,
      545.821533203125,
      576.2371826171875,
      485.9892578125,
      504.9964599609375,
      278.66986083984375,
      213.63595581054688,
      299.5843505859375,
      289.0643310546875,
      253.612548828125,
      254.05360412597656,
      239.7076416015625,
      219.82501220703125,
      104.50778198242188,
      507.6208801269531,
      515.8448486328125,
      453.46112060546875,
      496.56121826171875,
      591.401611328125,
      514.0563354492188,
      515.3209228515625,
      468.75433349609375,
      585.6487426757812,
      510.6834716796875,
      109.12775421142578,
      486.39752197265625,
      482.84375,
      540.7794189453125,
      561.037353515625,
      552.9761962890625,
      518.2659912109375,
      500.41693115234375,
      520.6646728515625,
      649.3757934570312,
      541.3967895507812,
      511.4937744140625,
      521.8992919921875,
      519.0598754882812,
      536.608154296875
    ],
    [
      356.5191650390625,
      204.88633728027344,
      28.341638565063477,
      0.0,
      357.4336242675781,
      369.73065185546875,
      358.2219543457031,
      373.0397033691406,
      373.4378967285156,
      379.431884765625,
      437.3741455078125,
      434.88153076171875,
      374.40478515625,
      371.9013671875,
      441.5275573730469,
      442.02874755859375,
      441.4609375,
      416.26043701171875,
      447.8338623046875,
      460.72357177734375,
      352.9901123046875,
      391.9026184082031,
      355.6947326660156,
      409.71063232421875,
      437.71685791015625,
      262.5694885253906,
      254.0762176513672,
      249.99378967285156,
      307.285400390625,
      294.18377685546875,
      300.2359619140625,
      294.09881591796875,
      280.309814453125,
      250.89797973632812,
      264.3477783203125,
      218.23878479003906,
      211.5711669921875,
      198.4395294189453,
      214.1028594970703,
      200.0133514404297,
      197.24224853515625,
      340.6188049316406,
      346.8778381347656,
      337.9471740722656,
      286.6735534667969,
      304.76953125,
      308.3016357421875,
      286.4691467285156,
      270.881103515625,
      206.96180725097656,
      207.5848388671875,
      188.49986267089844,
      201.61907958984375,
      191.80421447753906,
      213.15325927734375,
      432.100341796875,
      427.5713806152344,
      453.11163330078125,
      498.9140930175781,
      503.8328552246094,
      445.5170593261719,
      455.4917297363281,
      251.290283203125,
      183.75054931640625,
      252.64645385742188,
      247.44683837890625,
      220.98538208007812,
      223.44827270507812,
      207.02944946289062,
      189.9442596435547,
      76.31639099121094,
      465.90216064453125,
      474.0436706542969,
      430.5032958984375,
      458.6697998046875,
      568.3597412109375,
      501.7953796386719,
      499.07879638671875,
      447.7964782714844,
      576.0045166015625,
      482.6544189453125,
      80.96833801269531,
      433.77777099609375,
      452.4744873046875,
      487.02197265625,
      508.2870788574219,
      508.2900390625,
      476.415771484375,
      473.7747497558594,
      493.587890625,
      614.9624633789062,
      507.32537841796875,
      483.28961181640625,
      499.06549072265625,
      494.20831298828125,
      510.1317443847656
    ],
    [
      407.428955078125,
      251.30093383789062,
      372.1107482910156,
      357.4336242675781,
      0.0,
      29.73006820678711,
      2.198307752609253,
      13.819038391113281,
      17.27132225036621,
      20.732099533081055,
      89.6986083984375,
      103.18263244628906,
      81.54542541503906,
      73.78627014160156,
      112.04302978515625,
      108.11874389648438,
      103.41862487792969,
      95.46603393554688,
      122.50033569335938,
      125.25552368164062,
      113.34730529785156,
      45.69457244873047,
      99.2174072265625,
      88.48371124267578,
      124.45149993896484,
      164.8580322265625,
      185.16140747070312,
      176.8644561767578,
      80.46464538574219,
      90.35090637207031,
      89.49435424804688,
      83.80406188964844,
      92.54695892333984,
      126.16949462890625,
      110.55715942382812,
      134.37457275390625,
      142.44015502929688,
      164.63656616210938,
      146.94686889648438,
      151.107666015625,
      154.69985961914062,
      38.906253814697266,
      62.52370834350586,
      28.659114837646484,
      65.20301818847656,
      48.78727340698242,
      58.45458221435547,
      71.07481384277344,
      186.4498291015625,
      135.23934936523438,
      132.81373596191406,
      144.0340576171875,
      141.100341796875,
      139.81137084960938,
      126.52837371826172,
      320.3124694824219,
      315.04644775390625,
      325.79248046875,
      360.1748962402344,
      370.5294494628906,
      318.2938232421875,
      319.2313537597656,
      268.9588317871094,
      385.8123779296875,
      331.40570068359375,
      332.1695251464844,
      319.1484375,
      349.8618469238281,
      331.0057373046875,
      380.314453125,
      331.1377258300781,
      243.21986389160156,
      253.92652893066406,
      226.67092895507812,
      232.80860900878906,
      242.09194946289062,
      233.10052490234375,
      242.72637939453125,
      240.22068786621094,
      267.64154052734375,
      264.8625793457031,
      332.15008544921875,
      357.8895263671875,
      327.9439697265625,
      350.128173828125,
      355.6689453125,
      354.62347412109375,
      339.97503662109375,
      298.9368896484375,
      309.81829833984375,
      385.108642578125,
      308.2268371582031,
      294.80731201171875,
      316.6805419921875,
      313.61199951171875,
      329.5804443359375
    ],
    [
      437.6670837402344,
      284.82476806640625,
      378.8741455078125,
      369.73065185546875,
      29.73006820678711,
      0.0,
      28.241348266601562,
      27.84490394592285,
      18.769855499267578,
      30.657207489013672,
      96.03941345214844,
      126.16676330566406,
      108.65214538574219,
      102.08502197265625,
      135.17385864257812,
      132.2043914794922,
      130.83172607421875,
      118.15858459472656,
      143.90570068359375,
      159.1802978515625,
      139.11831665039062,
      63.954742431640625,
      125.75518035888672,
      111.0433349609375,
      148.06954956054688,
      195.60012817382812,
      214.67507934570312,
      206.9552001953125,
      110.46255493164062,
      121.14678955078125,
      120.78546142578125,
      112.0306396484375,
      121.0752182006836,
      155.83071899414062,
      139.76373291015625,
      146.62313842773438,
      152.75750732421875,
      170.11598205566406,
      152.1602020263672,
      163.82460021972656,
      167.27210998535156,
      69.16625213623047,
      92.80825805664062,
      58.72450256347656,
      81.74769592285156,
      65.00257873535156,
      57.45668411254883,
      78.88182830810547,
      216.92120361328125,
      169.08631896972656,
      166.5684814453125,
      176.55567932128906,
      174.67196655273438,
      172.02679443359375,
      159.21902465820312,
      358.081787109375,
      353.711181640625,
      366.58477783203125,
      387.9326171875,
      394.77032470703125,
      354.5003967285156,
      350.87786865234375,
      306.0309143066406,
      456.80718994140625,
      367.05474853515625,
      370.1712646484375,
      352.0904541015625,
      383.0101623535156,
      367.13714599609375,
      442.3685302734375,
      373.88165283203125,
      267.3656921386719,
      277.897216796875,
      252.15701293945312,
      257.3505859375,
      278.1842041015625,
      256.0498046875,
      267.04205322265625,
      264.47283935546875,
      289.57342529296875,
      288.75909423828125,
      375.7664794921875,
      432.30743408203125,
      447.2587585449219,
      386.29425048828125,
      480.5714111328125,
      475.63623046875,
      377.0550231933594,
      325.69189453125,
      346.1366882324219,
      409.6653137207031,
      330.3204345703125,
      319.3908996582031,
      340.1696472167969,
      340.2584228515625,
      353.8842468261719
    ],
    [
      409.41046142578125,
      252.50204467773438,
      371.54974365234375,
      358.2219543457031,
      2.198307752609253,
      28.241348266601562,
      0.0,
      15.002506256103516,
      17.252044677734375,
      22.01469612121582,
      91.5323257446289,
      105.17456817626953,
      83.73048400878906,
      75.90626525878906,
      113.86601257324219,
      110.1678237915039,
      105.60513305664062,
      97.68482971191406,
      124.08456420898438,
      126.28639221191406,
      115.68487548828125,
      47.81916809082031,
      101.40798950195312,
      90.74153137207031,
      126.61993408203125,
      166.18228149414062,
      186.35910034179688,
      178.09983825683594,
      81.78968811035156,
      91.58126068115234,
      90.84558868408203,
      84.72557830810547,
      93.59068298339844,
      127.08391571044922,
      111.75294494628906,
      133.8369903564453,
      142.04315185546875,
      165.5633087158203,
      148.6744842529297,
      150.7123565673828,
      154.6707305908203,
      40.65874481201172,
      64.24147033691406,
      30.400863647460938,
      64.90293884277344,
      48.30258560180664,
      56.49073791503906,
      69.77784729003906,
      188.69970703125,
      135.694091796875,
      133.36053466796875,
      145.03033447265625,
      141.76724243164062,
      140.55224609375,
      126.22373962402344,
      318.87847900390625,
      317.7637634277344,
      325.659423828125,
      363.2334289550781,
      371.85443115234375,
      320.7738342285156,
      321.560302734375,
      269.8226013183594,
      389.669189453125,
      331.71240234375,
      332.9744873046875,
      321.8128662109375,
      349.0299072265625,
      332.08746337890625,
      380.956787109375,
      331.7769775390625,
      245.37466430664062,
      256.0835876464844,
      228.98777770996094,
      234.9925537109375,
      243.44024658203125,
      235.561767578125,
      244.921875,
      242.76171875,
      269.2757873535156,
      267.10418701171875,
      332.77117919921875,
      359.59039306640625,
      329.6387939453125,
      351.54351806640625,
      357.69952392578125,
      356.7872314453125,
      341.69268798828125,
      301.54144287109375,
      308.34613037109375,
      388.0958251953125,
      309.2901611328125,
      296.7449951171875,
      318.81854248046875,
      315.84625244140625,
      331.15582275390625
    ],
    [
      422.1893005371094,
      261.33355712890625,
      386.304443359375,
      373.0397033691406,
      13.819038391113281,
      27.84490394592285,
      15.002506256103516,
      0.0,
      9.223396301269531,
      7.00707483291626,
      78.41525268554688,
      95.97686767578125,
      80.73020935058594,
      74.54608154296875,
      105.26701354980469,
      102.2592544555664,
      95.54338073730469,
      90.1572494506836,
      117.12684631347656,
      119.8046875,
      109.62383270263672,
      37.029571533203125,
      97.13442993164062,
      83.0172119140625,
      119.46300506591797,
      175.86331176757812,
      198.6277313232422,
      190.39686584472656,
      90.77702331542969,
      100.3145751953125,
      99.2645263671875,
      94.44843292236328,
      103.37864685058594,
      137.56875610351562,
      121.5406723022461,
      149.0794677734375,
      156.03175354003906,
      177.959228515625,
      160.90817260742188,
      164.66650390625,
      168.90765380859375,
      44.29270935058594,
      66.70722198486328,
      35.699668884277344,
      78.07475280761719,
      62.11707305908203,
      70.84488677978516,
      84.96713256835938,
      197.98533630371094,
      147.28460693359375,
      145.1370391845703,
      156.26022338867188,
      153.31214904785156,
      152.15281677246094,
      137.99136352539062,
      320.0198974609375,
      312.69384765625,
      327.205322265625,
      358.1566162109375,
      361.93853759765625,
      318.33367919921875,
      317.829833984375,
      280.58392333984375,
      398.1817626953125,
      343.89739990234375,
      346.14599609375,
      331.51141357421875,
      361.6075134277344,
      345.6210021972656,
      392.70550537109375,
      343.282958984375,
      238.35488891601562,
      248.77413940429688,
      222.57308959960938,
      227.84918212890625,
      238.3016815185547,
      227.87152099609375,
      237.66845703125,
      235.60028076171875,
      259.7979736328125,
      259.68560791015625,
      343.9386291503906,
      362.85772705078125,
      333.8719482421875,
      353.9375305175781,
      362.36810302734375,
      360.1927185058594,
      341.4813232421875,
      296.30950927734375,
      315.4509582519531,
      382.63348388671875,
      302.17181396484375,
      287.1884765625,
      311.3739929199219,
      309.0309753417969,
      324.77392578125
    ],
    [
      423.2950439453125,
      268.5035400390625,
      384.68084716796875,
      373.4378967285156,
      17.27132225036621,
      18.769855499267578,
      17.252044677734375,
      9.223396301269531,
      0.0,
      12.269186973571777,
      84.47648620605469,
      105.83316040039062,
      90.13497924804688,
      83.76661682128906,
      115.8023681640625,
      110.10994720458984,
      103.4410400390625,
      98.893310546875,
      124.71703338623047,
      129.61038208007812,
      118.89625549316406,
      45.27452850341797,
      107.1071548461914,
      92.00779724121094,
      128.68020629882812,
      183.84423828125,
      203.1980438232422,
      195.18881225585938,
      97.44865417480469,
      106.83616638183594,
      106.10186004638672,
      100.734130859375,
      109.73414611816406,
      145.13023376464844,
      128.54627990722656,
      153.95062255859375,
      161.43983459472656,
      180.94845581054688,
      162.24105834960938,
      172.21728515625,
      175.96246337890625,
      53.037906646728516,
      75.75312805175781,
      43.65547561645508,
      81.73995971679688,
      64.95083618164062,
      67.86638641357422,
      85.09912109375,
      205.87672424316406,
      152.75439453125,
      150.34808349609375,
      161.7896728515625,
      158.71368408203125,
      157.97027587890625,
      143.60821533203125,
      335.03155517578125,
      326.014892578125,
      342.26239013671875,
      372.0958251953125,
      373.7284240722656,
      331.0335388183594,
      329.63360595703125,
      289.3905334472656,
      411.974853515625,
      353.356689453125,
      354.7808837890625,
      335.8437194824219,
      365.6990966796875,
      350.8756103515625,
      407.0480041503906,
      353.3467712402344,
      247.76943969726562,
      258.3164978027344,
      232.20773315429688,
      237.35382080078125,
      263.0552978515625,
      236.8852081298828,
      247.01625061035156,
      245.03488159179688,
      269.0033874511719,
      269.1748046875,
      354.8741455078125,
      413.27679443359375,
      342.64776611328125,
      362.5361633300781,
      370.5022888183594,
      368.26995849609375,
      356.15997314453125,
      306.1004638671875,
      325.4482116699219,
      388.69512939453125,
      311.7886047363281,
      297.8353576660156,
      321.0735168457031,
      317.923095703125,
      333.9827575683594
    ],
    [
      426.35400390625,
      267.2026672363281,
      393.57684326171875,
      379.431884765625,
      20.732099533081055,
      30.657207489013672,
      22.01469612121582,
      7.00707483291626,
      12.269186973571777,
      0.0,
      72.59968566894531,
      93.62422180175781,
      80.620849609375,
      75.05146026611328,
      102.49400329589844,
      97.89505004882812,
      90.60372924804688,
      87.62821960449219,
      113.35444641113281,
      116.25865936279297,
      108.23876953125,
      33.29350280761719,
      96.60958862304688,
      80.74259948730469,
      117.47648620605469,
      182.30885314941406,
      205.54220581054688,
      197.05685424804688,
      96.66255950927734,
      105.757568359375,
      104.40576171875,
      100.62230682373047,
      109.61660766601562,
      144.40057373046875,
      127.99600219726562,
      155.1053924560547,
      161.79074096679688,
      184.36752319335938,
      166.72665405273438,
      170.6149139404297,
      174.86468505859375,
      47.8338623046875,
      69.26800537109375,
      40.60044860839844,
      84.44444274902344,
      68.50022888183594,
      77.58543395996094,
      92.09605407714844,
      204.22122192382812,
      154.0957794189453,
      151.87185668945312,
      162.61703491210938,
      159.63104248046875,
      158.38693237304688,
      144.86239624023438,
      316.0445251464844,
      306.95758056640625,
      323.9461364746094,
      354.5927734375,
      358.6861572265625,
      313.1403503417969,
      316.45526123046875,
      286.4977111816406,
      404.6737060546875,
      349.71533203125,
      351.60577392578125,
      336.97637939453125,
      367.59295654296875,
      351.9278564453125,
      398.8934020996094,
      349.6575927734375,
      236.33238220214844,
      246.83383178710938,
      220.62237548828125,
      225.94134521484375,
      234.94578552246094,
      225.6713409423828,
      235.71389770507812,
      233.6072998046875,
      258.42877197265625,
      257.75640869140625,
      350.2890930175781,
      365.7247009277344,
      334.849609375,
      355.9302978515625,
      364.4410095214844,
      362.4035339355469,
      339.9033203125,
      294.33111572265625,
      313.5544738769531,
      379.53314208984375,
      301.0697021484375,
      285.39630126953125,
      309.28302001953125,
      306.476806640625,
      322.86065673828125
    ],
    [
      469.357177734375,
      296.7669372558594,
      463.34405517578125,
      437.3741455078125,
      89.6986083984375,
      96.03941345214844,
      91.5323257446289,
      78.41525268554688,
      84.47648620605469,
      72.59968566894531,
      0.0,
      64.16743469238281,
      89.0499267578125,
      89.14844512939453,
      80.35928344726562,
      64.48966979980469,
      49.53471374511719,
      78.57549285888672,
      97.22291564941406,
      91.16015625,
      106.86237335205078,
      46.38811111450195,
      100.09929656982422,
      72.05430603027344,
      112.61323547363281,
      199.750244140625,
      216.31922912597656,
      211.47413635253906,
      147.11370849609375,
      149.98202514648438,
      142.11305236816406,
      154.229736328125,
      162.24734497070312,
      191.41952514648438,
      179.03211975097656,
      220.6436004638672,
      228.08700561523438,
      250.6630401611328,
      230.2716064453125,
      234.10427856445312,
      238.901123046875,
      90.3303451538086,
      98.98576354980469,
      91.13551330566406,
      148.23651123046875,
      132.1402130126953,
      153.5022735595703,
      157.4780731201172,
      213.82904052734375,
      217.54470825195312,
      214.8042755126953,
      224.3755645751953,
      222.88760375976562,
      221.64706420898438,
      206.67262268066406,
      315.31036376953125,
      308.86700439453125,
      321.140380859375,
      360.5677795410156,
      360.03033447265625,
      312.9266662597656,
      319.1004638671875,
      308.87548828125,
      462.825439453125,
      385.3564453125,
      390.3324890136719,
      375.5859375,
      411.7496337890625,
      394.85009765625,
      462.45892333984375,
      412.2083435058594,
      244.41806030273438,
      258.00543212890625,
      219.37904357910156,
      232.10787963867188,
      236.71786499023438,
      229.9022979736328,
      245.33523559570312,
      236.34567260742188,
      258.9324951171875,
      269.63433837890625,
      412.62799072265625,
      359.56365966796875,
      330.32373046875,
      348.129638671875,
      360.79736328125,
      358.6077880859375,
      334.8840637207031,
      312.5858154296875,
      330.00494384765625,
      421.1472473144531,
      314.4952087402344,
      297.75982666015625,
      325.5928955078125,
      322.37554931640625,
      335.3824768066406
    ],
    [
      419.49957275390625,
      264.521240234375,
      452.4454345703125,
      434.88153076171875,
      103.18263244628906,
      126.16676330566406,
      105.17456817626953,
      95.97686767578125,
      105.83316040039062,
      93.62422180175781,
      64.16743469238281,
      0.0,
      64.41700744628906,
      68.18234252929688,
      16.710052490234375,
      6.751102924346924,
      18.38595199584961,
      31.569095611572266,
      35.45603942871094,
      26.022377014160156,
      71.91825866699219,
      60.03250503540039,
      70.27619934082031,
      30.521547317504883,
      70.60070037841797,
      164.72073364257812,
      183.92166137695312,
      179.69912719726562,
      129.842529296875,
      124.29608917236328,
      115.99073028564453,
      148.2030792236328,
      153.69534301757812,
      157.58660888671875,
      149.24212646484375,
      217.66531372070312,
      225.39608764648438,
      255.73358154296875,
      233.21241760253906,
      233.2654571533203,
      237.47210693359375,
      86.49931335449219,
      83.6795654296875,
      92.43389892578125,
      155.5791015625,
      141.3347930908203,
      168.4807891845703,
      170.78286743164062,
      178.9066925048828,
      221.0344696044922,
      218.46888732910156,
      230.15203857421875,
      226.20872497558594,
      228.2001953125,
      210.6680908203125,
      277.3294677734375,
      272.494873046875,
      282.4663391113281,
      313.3593444824219,
      322.3149719238281,
      273.6098937988281,
      278.9714050292969,
      275.9573974609375,
      447.72607421875,
      341.5424499511719,
      343.01116943359375,
      329.8534240722656,
      364.127685546875,
      346.6419372558594,
      438.0247802734375,
      428.1067810058594,
      185.1788330078125,
      196.19891357421875,
      177.60601806640625,
      176.5784912109375,
      166.3715057373047,
      164.59613037109375,
      179.48904418945312,
      189.9410400390625,
      192.43536376953125,
      206.30694580078125,
      428.4598083496094,
      316.29156494140625,
      286.03204345703125,
      310.49237060546875,
      323.1239013671875,
      320.87200927734375,
      298.5430908203125,
      252.02728271484375,
      270.50421142578125,
      346.2705078125,
      276.3193054199219,
      278.84625244140625,
      262.175048828125,
      263.47088623046875,
      279.89825439453125
    ],
    [
      359.64105224609375,
      208.80133056640625,
      389.2499694824219,
      374.40478515625,
      81.54542541503906,
      108.65214538574219,
      83.73048400878906,
      80.73020935058594,
      90.13497924804688,
      80.620849609375,
      89.0499267578125,
      64.41700744628906,
      0.0,
      9.506216049194336,
      66.77338409423828,
      70.71150207519531,
      72.83639526367188,
      41.94957733154297,
      69.77302551269531,
      77.90447235107422,
      36.673583984375,
      55.21770095825195,
      18.219079971313477,
      37.332923889160156,
      58.60523223876953,
      109.6060791015625,
      128.93548583984375,
      124.15402221679688,
      64.89144897460938,
      60.729766845703125,
      52.78343963623047,
      79.64305114746094,
      81.27423858642578,
      95.92794799804688,
      86.78485107421875,
      166.69944763183594,
      175.84616088867188,
      199.69610595703125,
      182.49916076660156,
      181.74417114257812,
      186.85446166992188,
      47.31031036376953,
      27.194547653198242,
      58.032325744628906,
      110.2121810913086,
      101.39888000488281,
      129.86419677734375,
      124.76063537597656,
      125.15721130371094,
      154.1688232421875,
      155.8588409423828,
      176.36624145507812,
      156.470947265625,
      183.2010498046875,
      156.9208984375,
      233.91871643066406,
      226.96121215820312,
      241.54995727539062,
      272.7860107421875,
      283.707763671875,
      233.4527130126953,
      238.25039672851562,
      219.26348876953125,
      360.907470703125,
      282.95098876953125,
      284.619873046875,
      272.218994140625,
      303.7314758300781,
      286.0409240722656,
      352.9552001953125,
      332.3039855957031,
      174.71958923339844,
      185.135986328125,
      152.06976318359375,
      164.12423706054688,
      175.04998779296875,
      165.7877197265625,
      174.68426513671875,
      165.22076416015625,
      197.11874389648438,
      196.20980834960938,
      332.6246643066406,
      276.3615417480469,
      251.0817413330078,
      263.1058654785156,
      274.8367919921875,
      270.79339599609375,
      254.961669921875,
      212.0782928466797,
      225.90689086914062,
      316.0140686035156,
      225.89268493652344,
      211.732177734375,
      246.978759765625,
      240.33773803710938,
      255.45928955078125
    ],
    [
      364.83599853515625,
      213.28884887695312,
      383.3645935058594,
      371.9013671875,
      73.78627014160156,
      102.08502197265625,
      75.90626525878906,
      74.54608154296875,
      83.76661682128906,
      75.05146026611328,
      89.14844512939453,
      68.18234252929688,
      9.506216049194336,
      0.0,
      71.64495086669922,
      74.43148803710938,
      75.71197509765625,
      48.47681427001953,
      75.95390319824219,
      83.04324340820312,
      46.17939376831055,
      52.560203552246094,
      27.38258934020996,
      42.88672637939453,
      67.38571166992188,
      116.3768081665039,
      135.93063354492188,
      130.34800720214844,
      64.6130599975586,
      62.21881866455078,
      54.78489685058594,
      78.748291015625,
      81.85903930664062,
      99.283203125,
      89.61448669433594,
      160.62110900878906,
      167.50270080566406,
      191.30125427246094,
      176.36392211914062,
      173.82858276367188,
      178.65145874023438,
      38.12023162841797,
      19.05374526977539,
      49.019432067871094,
      103.87973022460938,
      94.26050567626953,
      120.39417266845703,
      119.5446548461914,
      132.3238525390625,
      156.8898162841797,
      157.31988525390625,
      178.7179412841797,
      159.2521209716797,
      183.84837341308594,
      158.6043701171875,
      245.3688201904297,
      237.70584106445312,
      253.11776733398438,
      282.54852294921875,
      286.84222412109375,
      242.63694763183594,
      247.2131805419922,
      224.7017059326172,
      374.0142517089844,
      288.1916809082031,
      289.7762145996094,
      277.28558349609375,
      308.89453125,
      291.46392822265625,
      363.337646484375,
      336.29302978515625,
      183.20681762695312,
      193.83407592773438,
      161.51119995117188,
      172.92596435546875,
      183.7784423828125,
      175.17332458496094,
      183.21722412109375,
      174.696044921875,
      205.4579315185547,
      204.58016967773438,
      337.1990051269531,
      282.548095703125,
      257.29168701171875,
      276.38214111328125,
      285.8443603515625,
      286.3766174316406,
      268.32855224609375,
      221.37203979492188,
      235.6864013671875,
      324.05975341796875,
      234.40577697753906,
      221.52125549316406,
      255.8017120361328,
      249.41476440429688,
      264.4709167480469
    ],
    [
      418.2777099609375,
      264.7294921875,
      460.3070068359375,
      441.5275573730469,
      112.04302978515625,
      135.17385864257812,
      113.86601257324219,
      105.26701354980469,
      115.8023681640625,
      102.49400329589844,
      80.35928344726562,
      16.710052490234375,
      66.77338409423828,
      71.64495086669922,
      0.0,
      20.378496170043945,
      34.99995040893555,
      26.897499084472656,
      19.056331634521484,
      11.876754760742188,
      70.32759094238281,
      70.2108154296875,
      69.50212097167969,
      29.571969985961914,
      62.2468147277832,
      163.88389587402344,
      182.84857177734375,
      179.50131225585938,
      131.52122497558594,
      126.49444580078125,
      117.76054382324219,
      151.8822021484375,
      157.11915588378906,
      157.51174926757812,
      149.38113403320312,
      224.03717041015625,
      232.04180908203125,
      258.01763916015625,
      239.470703125,
      238.99441528320312,
      243.99139404296875,
      93.36516571044922,
      88.18081665039062,
      99.6010513305664,
      163.07205200195312,
      147.92501831054688,
      176.89208984375,
      174.1956024169922,
      178.1878662109375,
      224.7611083984375,
      222.83096313476562,
      237.03787231445312,
      229.86483764648438,
      235.4579620361328,
      216.06991577148438,
      275.6156311035156,
      267.51812744140625,
      281.97747802734375,
      307.5995788574219,
      318.5166015625,
      271.2223815917969,
      274.396728515625,
      275.14404296875,
      456.0023193359375,
      342.8408203125,
      345.27838134765625,
      329.3211975097656,
      363.7723388671875,
      345.4271545410156,
      443.61138916015625,
      436.40673828125,
      169.90264892578125,
      179.6581268310547,
      167.49468994140625,
      160.30743408203125,
      150.45468139648438,
      149.25830078125,
      164.62503051757812,
      176.45266723632812,
      176.343505859375,
      190.7943878173828,
      436.893798828125,
      310.79705810546875,
      285.439208984375,
      307.7587890625,
      319.7710266113281,
      316.3839111328125,
      298.1197204589844,
      236.53167724609375,
      257.69085693359375,
      327.5931396484375,
      277.9512634277344,
      268.1935119628906,
      247.82537841796875,
      252.26614379882812,
      268.7382507324219
    ],
    [
      426.8565979003906,
      271.37054443359375,
      459.1900634765625,
      442.02874755859375,
      108.11874389648438,
      132.2043914794922,
      110.1678237915039,
      102.2592544555664,
      110.10994720458984,
      97.89505004882812,
      64.48966979980469,
      6.751102924346924,
      70.71150207519531,
      74.43148803710938,
      20.378496170043945,
      0.0,
      15.819413185119629,
      38.29058837890625,
      39.439788818359375,
      27.186922073364258,
      78.60940551757812,
      64.33625030517578,
      76.75580596923828,
      37.22898864746094,
      77.51620483398438,
      172.44381713867188,
      191.71844482421875,
      186.88632202148438,
      136.45684814453125,
      130.54501342773438,
      122.74449157714844,
      154.49826049804688,
      159.2444610595703,
      163.628173828125,
      155.5291748046875,
      224.55490112304688,
      231.96420288085938,
      266.4200439453125,
      239.1949462890625,
      240.15408325195312,
      245.2367401123047,
      92.61965942382812,
      90.02801513671875,
      98.79558563232422,
      161.38485717773438,
      147.7494354248047,
      173.50271606445312,
      173.51632690429688,
      185.6403350830078,
      226.74246215820312,
      223.57763671875,
      236.04598999023438,
      231.5955352783203,
      233.20657348632812,
