{
  "rerun": 0,
  "num_decoders": 6,
  "cluster_ids": [
    "L5 IT ALM Cpa6 Gpr88",
    "Endo Ctla2a",
    "L2/3 IT ALM Macc1 Lrg1",
    "L2/3 IT ALM Ptrf",
    "L5 IT ALM Npw",
    "L2/3 IT ALM Sla",
    "L6 IT ALM Tgfb1",
    "L6 CT ALM Cpa6",
    "L6 IT ALM Oprk1",
    "L5 IT ALM Tmem163 Dmrtb1",
    "L5 NP ALM Trhr Nefl",
    "L5 IT ALM Pld5",
    "L6 CT ALM Nxph2 Sla",
    "L5 IT ALM Tmem163 Arhgap25",
    "L5 IT ALM Tnc",
    "L5 IT ALM Gkn1 Pcdh19",
    "L5 IT ALM Cbln4 Fezf2",
    "Endo Cytl1",
    "L5 IT ALM Lypd1 Gpr88",
    "L5 PT ALM Npsr1",
    "L5 PT ALM Hpgd",
    "L5 PT ALM Slco2a1",
    "L5 PT VISp C1ql2 Cdh13",
    "L6 CT VISp Gpr139",
    "L5 PT VISp Krt80",
    "L6 IT VISp Penk Col27a1",
    "L6 CT VISp Ctxn3 Sla",
    "L2/3 IT VISp Adamts2",
    "L5 NP VISp Trhr Cpne7",
    "L5 IT VISp Col6a1 Fezf2",
    "CR Lhx5",
    "L6 CT VISp Ctxn3 Brinp3",
    "L2/3 IT VISp Rrad",
    "L6 IT VISp Penk Fst",
    "L6 IT VISp Col23a1 Adamts2",
    "L5 IT VISp Whrn Tox2",
    "L6 IT VISp Col18a1",
    "L5 IT VISp Col27a1",
    "L4 IT VISp Rspo1",
    "L6 CT VISp Krt80 Sla",
    "L5 IT VISp Batf3",
    "L5 IT VISp Hsd11b1 Endou",
    "L2/3 IT VISp Agmat",
    "L5 PT VISp C1ql2 Ptgfr",
    "L5 PT VISp Chrna6",
    "L5 NP VISp Trhr Met",
    "L6 IT VISp Car3",
    "L6 CT VISp Nxph2 Wls",
    "Astro Aqp4",
    "L5 PT VISp Lgr5"
  ],
  "geodesic_distance_matrix": [
    [
      0.0,
      0.6489533185958862,
      0.1294974386692047,
      0.07762249559164047,
      0.044238876551389694,
      0.13533008098602295,
      0.03711431846022606,
      0.17006362974643707,
      0.05568057298660278,
      0.09806675463914871,
      0.2586669623851776,
      0.059712138026952744,
      0.16920848190784454,
      0.07471445202827454,
      0.07608061283826828,
      0.03421453759074211,
      0.060939617455005646,
      0.5493913292884827,
      0.059341903775930405,
      0.28495240211486816,
      0.20635433495044708,
      0.1808859407901764,
      0.16849146783351898,
      0.17864613234996796,
      0.1833948940038681,
      0.08184081315994263,
      0.15692885220050812,
      0.19662344455718994,
      0.24324019253253937,
      0.07349681109189987,
      0.49759459495544434,
      0.1724734604358673,
      0.14549203217029572,
      0.10739272087812424,
      0.11456980556249619,
      0.08879884332418442,
      0.1517074853181839,
      0.0668037161231041,
      0.13554802536964417,
      0.1713813841342926,
      0.08619405329227448,
      0.10293971747159958,
      0.0933239683508873,
      0.19933545589447021,
      0.17362765967845917,
      0.25517821311950684,
      0.13667994737625122,
      0.1726158857345581,
      0.4394805133342743,
      0.18533526360988617
    ],
    [
      0.6489533185958862,
      0.0,
      0.6091516613960266,
      0.5801301598548889,
      0.6180615425109863,
      0.5600354075431824,
      0.5719839334487915,
      0.5177391767501831,
      0.5503535270690918,
      0.5730006098747253,
      0.6351200938224792,
      0.6042460799217224,
      0.5126020312309265,
      0.6335427165031433,
      0.5816868543624878,
      0.5884678363800049,
      0.6068277955055237,
      0.07380102574825287,
      0.5995282530784607,
      0.5234250426292419,
      0.49148139357566833,
      0.4859771430492401,
      0.5415889024734497,
      0.5225465297698975,
      0.5435635447502136,
      0.5192806124687195,
      0.5341189503669739,
      0.6103230714797974,
      0.6016813516616821,
      0.5695143938064575,
      0.16519659757614136,
      0.5437222719192505,
      0.6037120223045349,
      0.5397757887840271,
      0.545381486415863,
      0.5451455116271973,
      0.5653893351554871,
      0.6452314257621765,
      0.5038336515426636,
      0.5105589628219604,
      0.537678599357605,
      0.5501460433006287,
      0.6237056851387024,
      0.530899703502655,
      0.5068066716194153,
      0.6238593459129333,
      0.5463542342185974,
      0.5101100206375122,
      0.34238430857658386,
      0.5008664727210999
    ],
    [
      0.1294974386692047,
      0.6091516613960266,
      0.0,
      0.036407675594091415,
      0.0973963588476181,
      0.06345681846141815,
      0.0749230906367302,
      0.16228727996349335,
      0.106361523270607,
      0.12398611754179001,
      0.20565412938594818,
      0.10512044280767441,
      0.1606469452381134,
      0.11519875377416611,
      0.1011255607008934,
      0.09518930315971375,
      0.09774618595838547,
      0.6014540195465088,
      0.09957071393728256,
      0.14048129320144653,
      0.13637962937355042,
      0.1246943399310112,
      0.10307478159666061,
      0.1670234203338623,
      0.10974247753620148,
      0.07409494370222092,
      0.14533059298992157,
      0.031440991908311844,
      0.20285740494728088,
      0.07838352024555206,
      0.41110244393348694,
      0.16283342242240906,
      0.04394744336605072,
      0.06666212528944016,
      0.1015598401427269,
      0.1862606704235077,
      0.07916625589132309,
      0.05716494470834732,
      0.10309215635061264,
      0.1590917557477951,
      0.16635800898075104,
      0.14445693790912628,
      0.031587664037942886,
      0.1271631270647049,
      0.11062059551477432,
      0.20268718898296356,
      0.11273389309644699,
      0.15992604196071625,
      0.38942471146583557,
      0.1235988512635231
    ],
    [
      0.07762249559164047,
      0.5801301598548889,
      0.036407675594091415,
      0.0,
      0.08560415357351303,
      0.07504948228597641,
      0.07751696556806564,
      0.16198427975177765,
      0.09100914001464844,
      0.11545469611883163,
      0.2156548947095871,
      0.09384089708328247,
      0.16973412036895752,
      0.10375795513391495,
      0.10000566393136978,
      0.08388244360685349,
      0.08628591150045395,
      0.6119013428688049,
      0.08833801001310349,
      0.11916901171207428,
      0.11424347013235092,
      0.132391095161438,
      0.10517685860395432,
      0.17728950083255768,
      0.0970659852027893,
      0.08728902786970139,
      0.15504653751850128,
      0.036368291825056076,
      0.21247176826000214,
      0.06354573369026184,
      0.42187461256980896,
      0.17267437279224396,
      0.04992116242647171,
      0.07837843149900436,
      0.11285003274679184,
      0.11801251024007797,
      0.0899706706404686,
      0.04605107381939888,
      0.09575365483760834,
      0.16812844574451447,
      0.12734012305736542,
      0.13041090965270996,
      0.027055591344833374,
      0.10521335899829865,
      0.12283197790384293,
      0.21243956685066223,
      0.08313357084989548,
      0.16885578632354736,
      0.4004857540130615,
      0.10207755863666534
    ],
    [
      0.044238876551389694,
      0.6180615425109863,
      0.0973963588476181,
      0.08560415357351303,
      0.0,
      0.10311199724674225,
      0.07657042890787125,
      0.2580256164073944,
      0.08724792301654816,
      0.05829136446118355,
      0.3124101758003235,
      0.038668110966682434,
      0.25671640038490295,
      0.04523584619164467,
      0.03551366925239563,
      0.06656976789236069,
      0.028965627774596214,
      0.5951233506202698,
      0.029258767142891884,
      0.21288545429706573,
      0.21640191972255707,
      0.17691165208816528,
      0.1612831950187683,
      0.2088257521390915,
      0.17098669707775116,
      0.12467002868652344,
      0.18705913424491882,
      0.11017058044672012,
      0.2934347689151764,
      0.07004573941230774,
      0.46363574266433716,
      0.20180265605449677,
      0.1136987954378128,
      0.14845465123653412,
      0.14710871875286102,
      0.05944876745343208,
      0.179102823138237,
      0.07162365317344666,
      0.10116199404001236,
      0.26812371611595154,
      0.058072179555892944,
      0.07346531748771667,
      0.09617515653371811,
      0.21165604889392853,
      0.14746832847595215,
      0.30932697653770447,
      0.1221429854631424,
      0.25873863697052,
      0.4956009089946747,
      0.15541988611221313
    ],
    [
      0.13533008098602295,
      0.5600354075431824,
      0.06345681846141815,
      0.07504948228597641,
      0.10311199724674225,
      0.0,
      0.08013393729925156,
      0.1572255790233612,
      0.10093758255243301,
      0.12824662029743195,
      0.20056302845478058,
      0.11235733330249786,
      0.15558551251888275,
      0.12320450693368912,
      0.10570700466632843,
      0.08847115933895111,
      0.10513204336166382,
      0.5953097343444824,
      0.10599317401647568,
      0.11956421285867691,
      0.11352633684873581,
      0.12859565019607544,
      0.09680581837892532,
      0.1617545336484909,
      0.1035420224070549,
      0.06824333220720291,
      0.1394915133714676,
      0.05599181726574898,
      0.19772621989250183,
      0.09448471665382385,
      0.4055776298046112,
      0.15728038549423218,
      0.04054288938641548,
      0.06006695702672005,
      0.096399687230587,
      0.19796769320964813,
      0.07299402356147766,
      0.05889894440770149,
      0.13826397061347961,
      0.15400750935077667,
      0.11458434164524078,
      0.14753273129463196,
      0.029075969010591507,
      0.10633812099695206,
      0.10416106134653091,
      0.19764618575572968,
      0.10631541162729263,
      0.15472036600112915,
      0.38307154178619385,
      0.10298990458250046
    ],
    [
      0.03711431846022606,
      0.5719839334487915,
      0.0749230906367302,
      0.07751696556806564,
      0.07657042890787125,
      0.08013393729925156,
      0.0,
      0.14483129978179932,
      0.0440959557890892,
      0.12815172970294952,
      0.2346411794424057,
      0.07636457681655884,
      0.14497049152851105,
      0.10806824266910553,
      0.10593463480472565,
      0.03298235312104225,
      0.09097561985254288,
      0.5566514730453491,
      0.09303037077188492,
      0.16966430842876434,
      0.16349296271800995,
      0.17054922878742218,
      0.14708122611045837,
      0.15472133457660675,
      0.1506456732749939,
      0.0641159638762474,
      0.13326434791088104,
      0.12359938770532608,
      0.20828008651733398,
      0.10106325149536133,
      0.42104265093803406,
      0.14658665657043457,
      0.1282089501619339,
      0.0857289656996727,
      0.09195885062217712,
      0.1218518540263176,
      0.1134738102555275,
      0.09348932653665543,
      0.1761329174041748,
      0.14693307876586914,
      0.11882328242063522,
      0.12869249284267426,
      0.20912890136241913,
      0.15637479722499847,
      0.16235540807247162,
      0.22161832451820374,
      0.15503768622875214,
      0.14803636074066162,
      0.4210411608219147,
      0.15294547379016876
    ],
    [
      0.17006362974643707,
      0.5177391767501831,
      0.16228727996349335,
      0.16198427975177765,
      0.2580256164073944,
      0.1572255790233612,
      0.14483129978179932,
      0.0,
      0.12407852709293365,
      0.28565165400505066,
      0.12682107090950012,
      0.2252788543701172,
      0.011477576568722725,
      0.24222517013549805,
      0.2684400975704193,
      0.16966122388839722,
      0.2344934493303299,
      0.4964289665222168,
      0.2603485584259033,
      0.10905660688877106,
      0.10421506315469742,
      0.0987551212310791,
      0.12031810730695724,
      0.026746118441224098,
      0.09084995836019516,
      0.09156139940023422,
      0.033311761915683746,
      0.1589430272579193,
      0.1304749995470047,
      0.20386281609535217,
      0.34998491406440735,
      0.049504753202199936,
      0.16430388391017914,
      0.13400021195411682,
      0.08004867285490036,
      0.23842330276966095,
      0.09533292800188065,
      0.20200946927070618,
      0.17813436686992645,
      0.011726575903594494,
      0.22409753501415253,
      0.236100435256958,
      0.16398818790912628,
      0.1218544989824295,
      0.13246272504329681,
      0.12978194653987885,
      0.15668590366840363,
      0.014250094071030617,
      0.30400794744491577,
      0.11635943502187729
    ],
    [
      0.05568057298660278,
      0.5503535270690918,
      0.106361523270607,
      0.09100914001464844,
      0.08724792301654816,
      0.10093758255243301,
      0.0440959557890892,
      0.12407852709293365,
      0.0,
      0.14692732691764832,
      0.21193137764930725,
      0.08667955547571182,
      0.12415387481451035,
      0.12013380974531174,
      0.12374848127365112,
      0.05256611853837967,
      0.10358991473913193,
      0.5348483920097351,
      0.10573361068964005,
      0.14813201129436493,
      0.14207087457180023,
      0.14925087988376617,
      0.1260336935520172,
      0.1352117657661438,
      0.1297115534543991,
      0.04637957736849785,
      0.11329388618469238,
      0.09969764202833176,
      0.18693037331104279,
      0.14055651426315308,
      0.39924702048301697,
      0.12727858126163483,
      0.1026102676987648,
      0.06787683814764023,
      0.07250159978866577,
      0.13314472138881683,
      0.09604637324810028,
      0.10777851194143295,
      0.21826691925525665,
      0.12616589665412903,
      0.1294146180152893,
      0.14830271899700165,
      0.11315164715051651,
      0.1348765641450882,
      0.13283304870128632,
      0.20116733014583588,
      0.15354369580745697,
      0.12734022736549377,
      0.40026602149009705,
      0.13154307007789612
    ],
    [
      0.09806675463914871,
      0.5730006098747253,
      0.12398611754179001,
      0.11545469611883163,
      0.05829136446118355,
      0.12824662029743195,
      0.12815172970294952,
      0.28565165400505066,
      0.14692732691764832,
      0.0,
      0.2963493764400482,
      0.06807450205087662,
      0.2842038571834564,
      0.0628572329878807,
      0.02887030318379402,
      0.11272039264440536,
      0.06084649637341499,
      0.5895017385482788,
      0.05368442088365555,
      0.23153124749660492,
      0.19916652143001556,
      0.21103857457637787,
      0.2337922602891922,
      0.26082345843315125,
      0.2407936304807663,
      0.1698596030473709,
      0.2719361186027527,
      0.13696330785751343,
      0.30400678515434265,
      0.09892439842224121,
      0.4209565818309784,
      0.2721388041973114,
      0.1422766000032425,
      0.18779356777668,
      0.23167932033538818,
      0.08094301074743271,
      0.18795783817768097,
      0.0999540165066719,
      0.15514659881591797,
      0.2861468493938446,
      0.085545614361763,
      0.09567166864871979,
      0.1258751004934311,
      0.22606556117534637,
      0.20877321064472198,
      0.2832292914390564,
      0.17569343745708466,
      0.28682637214660645,
      0.4770456850528717,
      0.22552083432674408
    ],
    [
      0.2586669623851776,
      0.6351200938224792,
      0.20565412938594818,
      0.2156548947095871,
      0.3124101758003235,
      0.20056302845478058,
      0.2346411794424057,
      0.12682107090950012,
      0.21193137764930725,
      0.2963493764400482,
      0.0,
      0.31916487216949463,
      0.12556405365467072,
      0.27885645627975464,
      0.2743847072124481,
      0.2549736499786377,
      0.29782208800315857,
      0.5837220549583435,
      0.30075910687446594,
      0.15708518028259277,
      0.1485593020915985,
      0.15802446007728577,
      0.12931926548480988,
      0.1336233764886856,
      0.10575509071350098,
      0.18539215624332428,
      0.13986824452877045,
      0.21542827785015106,
      0.030474765226244926,
      0.24338769912719727,
      0.3864519000053406,
      0.1518082320690155,
      0.15831902623176575,
      0.20880387723445892,
      0.16215121746063232,
      0.26368042826652527,
      0.1574946790933609,
      0.23496973514556885,
      0.22582486271858215,
      0.12547428905963898,
      0.26542162895202637,
      0.2509388327598572,
      0.21503722667694092,
      0.14389179646968842,
      0.1551954448223114,
      0.02670986019074917,
      0.17847870290279388,
      0.1257544606924057,
      0.24671617150306702,
      0.14172540605068207
    ],
    [
      0.059712138026952744,
      0.6042460799217224,
      0.10512044280767441,
      0.09384089708328247,
      0.038668110966682434,
      0.11235733330249786,
      0.07636457681655884,
      0.2252788543701172,
      0.08667955547571182,
      0.06807450205087662,
      0.31916487216949463,
      0.0,
      0.22560255229473114,
      0.053847141563892365,
      0.0447055920958519,
      0.06649629026651382,
      0.01650324836373329,
      0.5813172459602356,
      0.041715625673532486,
      0.2661014199256897,
      0.22552452981472015,
      0.23827505111694336,
      0.16938148438930511,
      0.23615741729736328,
      0.22719423472881317,
      0.11666734516620636,
      0.21436570584774017,
      0.15120425820350647,
      0.2852613627910614,
      0.0767304003238678,
      0.5046667456626892,
      0.2245492786169052,
      0.15654557943344116,
      0.13867519795894623,
      0.17163969576358795,
      0.06860049813985825,
      0.15019556879997253,
      0.07898630946874619,
      0.12473078817129135,
      0.22828173637390137,
      0.0666700229048729,
      0.08263453096151352,
      0.10330312699079514,
      0.21517792344093323,
      0.20463299751281738,
      0.3165145814418793,
      0.18545012176036835,
      0.22972016036510468,
      0.4920113682746887,
      0.21383702754974365
    ],
    [
      0.16920848190784454,
      0.5126020312309265,
      0.1606469452381134,
      0.16973412036895752,
      0.25671640038490295,
      0.15558551251888275,
      0.14497049152851105,
      0.011477576568722725,
      0.12415387481451035,
      0.2842038571834564,
      0.12556405365467072,
      0.22560255229473114,
      0.0,
      0.24157758057117462,
      0.26693618297576904,
      0.16926269233226776,
      0.23257134854793549,
      0.4916248917579651,
      0.2590341866016388,
      0.10477199405431747,
      0.09977935999631882,
      0.09426070004701614,
      0.09605007618665695,
      0.018393144011497498,
      0.08649584650993347,
      0.09180500358343124,
      0.02672206237912178,
      0.15379458665847778,
      0.09817254543304443,
      0.20711949467658997,
      0.3241520822048187,
      0.04384312778711319,
      0.1593713015317917,
      0.09072559326887131,
      0.07499352842569351,
      0.2388439178466797,
      0.09046982228755951,
      0.20038937032222748,
      0.21799714863300323,
      0.0030973092652857304,
      0.22387531399726868,
      0.2356388121843338,
      0.1681896299123764,
      0.12731289863586426,
      0.13244904577732086,
      0.12407642602920532,
      0.1559232920408249,
      0.005253196228295565,
      0.3150884807109833,
      0.12440456449985504
    ],
    [
      0.07471445202827454,
      0.6335427165031433,
      0.11519875377416611,
      0.10375795513391495,
      0.04523584619164467,
      0.12320450693368912,
      0.10806824266910553,
      0.24222517013549805,
      0.12013380974531174,
      0.0628572329878807,
      0.27885645627975464,
      0.053847141563892365,
      0.24157758057117462,
      0.0,
      0.04036550968885422,
      0.09023410081863403,
      0.04805600270628929,
      0.6103468537330627,
      0.048918116837739944,
      0.17560887336730957,
      0.17594903707504272,
      0.20851972699165344,
      0.18393605947494507,
      0.25249794125556946,
      0.19402074813842773,
      0.15748047828674316,
      0.23064367473125458,
      0.13004545867443085,
      0.2739792764186859,
      0.08885803073644638,
      0.48078808188438416,
      0.24784207344055176,
      0.13339731097221375,
      0.18802693486213684,
      0.18804499506950378,
      0.07866915315389633,
      0.21764133870601654,
      0.08966105431318283,
      0.12984880805015564,
      0.2437395602464676,
      0.07667262107133865,
      0.09148857742547989,
      0.11606629937887192,
      0.1683809608221054,
      0.150767520070076,
      0.2725489139556885,
      0.11948186159133911,
      0.24557660520076752,
      0.46656081080436707,
      0.16641323268413544
    ],
    [
      0.07608061283826828,
      0.5816868543624878,
      0.1011255607008934,
      0.10000566393136978,
      0.03551366925239563,
      0.10570700466632843,
      0.10593463480472565,
      0.2684400975704193,
      0.12374848127365112,
      0.02887030318379402,
      0.2743847072124481,
      0.0447055920958519,
      0.26693618297576904,
      0.04036550968885422,
      0.0,
      0.09541524946689606,
      0.03713953495025635,
      0.5585454702377319,
      0.02467292547225952,
      0.18035383522510529,
      0.1773032248020172,
      0.19949238002300262,
      0.17912615835666656,
      0.23825445771217346,
      0.18788807094097137,
      0.14717230200767517,
      0.25449100136756897,
      0.1135379821062088,
      0.2551197111606598,
      0.07672488689422607,
      0.39756298065185547,
      0.24382780492305756,
      0.11896403133869171,
      0.15753605961799622,
      0.21466796100139618,
      0.059108175337314606,
      0.16537241637706757,
      0.0773613303899765,
      0.11388259381055832,
      0.26892027258872986,
      0.06347554922103882,
      0.07957068830728531,
      0.10242976248264313,
      0.16945235431194305,
      0.15971247851848602,
      0.26406246423721313,
      0.13466140627861023,
      0.2696675956249237,
      0.45666274428367615,
      0.1753261387348175
    ],
    [
      0.03421453759074211,
      0.5884678363800049,
      0.09518930315971375,
      0.08388244360685349,
      0.06656976789236069,
      0.08847115933895111,
      0.03298235312104225,
      0.16966122388839722,
      0.05256611853837967,
      0.11272039264440536,
      0.2549736499786377,
      0.06649629026651382,
      0.16926269233226776,
      0.09023410081863403,
      0.09541524946689606,
      0.0,
      0.07520565390586853,
      0.6381288766860962,
      0.07544030994176865,
      0.30000755190849304,
      0.18867798149585724,
      0.19694958627223969,
      0.1714581400156021,
      0.17960774898529053,
      0.17737729847431183,
      0.07910884916782379,
      0.15746939182281494,
      0.12466074526309967,
      0.24733249843120575,
      0.08957290649414062,
      0.44200778007507324,
      0.17249611020088196,
      0.2057078331708908,
      0.10646624863147736,
      0.11416536569595337,
      0.10405941307544708,
      0.1470089554786682,
      0.08283533155918121,
      0.14864405989646912,
      0.17171339690685272,
      0.10114400833845139,
      0.11792715638875961,
      0.20115689933300018,
      0.2865177392959595,
      0.2414032518863678,
      0.24508439004421234,
      0.1624857634305954,
      0.173139750957489,
      0.44361042976379395,
      0.28303760290145874
    ],
    [
      0.060939617455005646,
      0.6068277955055237,
      0.09774618595838547,
      0.08628591150045395,
      0.028965627774596214,
      0.10513204336166382,
      0.09097561985254288,
      0.2344934493303299,
      0.10358991473913193,
      0.06084649637341499,
      0.29782208800315857,
      0.01650324836373329,
      0.23257134854793549,
      0.04805600270628929,
      0.03713953495025635,
      0.07520565390586853,
      0.0,
      0.5843968391418457,
      0.03238135203719139,
      0.205631285905838,
      0.1684723049402237,
      0.18028569221496582,
      0.1638382077217102,
      0.24180391430854797,
      0.17372635006904602,
      0.13984042406082153,
      0.21996811032295227,
      0.11397115141153336,
      0.24279534816741943,
      0.07017489522695541,
      0.46891412138938904,
      0.23244798183441162,
      0.11488151550292969,
      0.17075257003307343,
      0.18173770606517792,
      0.06101347133517265,
      0.18129758536815643,
      0.0721399113535881,
      0.11772270500659943,
      0.23431554436683655,
      0.05903640389442444,
      0.07530452311038971,
      0.09772225469350815,
      0.20846040546894073,
      0.18460547924041748,
      0.2938149571418762,
      0.15030419826507568,
      0.23528710007667542,
      0.4844638407230377,
      0.20692656934261322
    ],
    [
      0.5493913292884827,
      0.07380102574825287,
      0.6014540195465088,
      0.6119013428688049,
      0.5951233506202698,
      0.5953097343444824,
      0.5566514730453491,
      0.4964289665222168,
      0.5348483920097351,
      0.5895017385482788,
      0.5837220549583435,
      0.5813172459602356,
      0.4916248917579651,
      0.6103468537330627,
      0.5585454702377319,
      0.6381288766860962,
      0.5843968391418457,
      0.0,
      0.5790216326713562,
      0.5009422898292542,
      0.4693107604980469,
      0.4641883969306946,
      0.5123957991600037,
      0.4969048500061035,
      0.4957694709300995,
      0.5041687488555908,
      0.5098322033882141,
      0.59389328956604,
      0.6063010096549988,
      0.5461792945861816,
      0.15851514041423798,
      0.5210652351379395,
      0.5839311480522156,
      0.5232548117637634,
      0.530232846736908,
      0.5229469537734985,
      0.5707428455352783,
      0.564491868019104,
      0.4800930917263031,
      0.4891851842403412,
      0.5155524015426636,
      0.5133232474327087,
      0.6062724590301514,
      0.4752141535282135,
      0.48426342010498047,
      0.6179723143577576,
      0.523252546787262,
      0.4890381395816803,
      0.33473026752471924,
      0.47826895117759705
    ],
    [
      0.059341903775930405,
      0.5995282530784607,
      0.09957071393728256,
      0.08833801001310349,
      0.029258767142891884,
      0.10599317401647568,
      0.09303037077188492,
      0.2603485584259033,
      0.10573361068964005,
      0.05368442088365555,
      0.30075910687446594,
      0.041715625673532486,
      0.2590341866016388,
      0.048918116837739944,
      0.02467292547225952,
      0.07544030994176865,
      0.03238135203719139,
      0.5790216326713562,
      0.0,
      0.20497003197669983,
      0.20621848106384277,
      0.2156062126159668,
      0.1658755987882614,
      0.25276538729667664,
      0.1756955087184906,
      0.17134906351566315,
      0.23423810303211212,
      0.11422812938690186,
      0.3030069172382355,
      0.07452655583620071,
      0.5031634569168091,
      0.23881249129772186,
      0.11756546795368195,
      0.17245644330978394,
      0.20653128623962402,
      0.06325335800647736,
      0.17895233631134033,
      0.07532501220703125,
      0.11749031394720078,
      0.26131805777549744,
      0.06197747588157654,
      0.07708960771560669,
      0.10017295926809311,
      0.2001122236251831,
      0.18776415288448334,
      0.2807922065258026,
      0.15481625497341156,
      0.2623762786388397,
      0.4720674455165863,
      0.2039356678724289
    ],
    [
      0.28495240211486816,
      0.5234250426292419,
      0.14048129320144653,
      0.11916901171207428,
      0.21288545429706573,
      0.11956421285867691,
      0.16966430842876434,
      0.10905660688877106,
      0.14813201129436493,
      0.23153124749660492,
      0.15708518028259277,
      0.2661014199256897,
      0.10477199405431747,
      0.17560887336730957,
      0.18035383522510529,
      0.30000755190849304,
      0.205631285905838,
      0.5009422898292542,
      0.20497003197669983,
      0.0,
      0.07327278703451157,
      0.07653989642858505,
      0.04654739424586296,
      0.11770570278167725,
      0.05692194029688835,
      0.1173480898141861,
      0.12352347373962402,
      0.13121475279331207,
      0.1572982221841812,
      0.15067605674266815,
      0.3074761927127838,
      0.13929377496242523,
      0.08565457910299301,
      0.12174560129642487,
      0.10700561106204987,
      0.16062034666538239,
      0.07607599347829819,
      0.14237511157989502,
      0.11137030273675919,
      0.10576372593641281,
      0.15898941457271576,
      0.14742611348628998,
      0.13222138583660126,
      0.06051405891776085,
      0.0698087066411972,
      0.15366970002651215,
      0.09732116013765335,
      0.1075972244143486,
      0.34541961550712585,
      0.056675173342227936
    ],
    [
      0.20635433495044708,
      0.49148139357566833,
      0.13637962937355042,
      0.11424347013235092,
      0.21640191972255707,
      0.11352633684873581,
      0.16349296271800995,
      0.10421506315469742,
      0.14207087457180023,
      0.19916652143001556,
      0.1485593020915985,
      0.22552452981472015,
      0.09977935999631882,
      0.17594903707504272,
      0.1773032248020172,
      0.18867798149585724,
      0.1684723049402237,
      0.4693107604980469,
      0.20621848106384277,
      0.07327278703451157,
      0.0,
      0.07378838211297989,
      0.04161810502409935,
      0.1126384511590004,
      0.051354050636291504,
      0.11116228252649307,
      0.11871067434549332,
      0.12282861769199371,
      0.14962740242481232,
      0.14250537753105164,
      0.3129669427871704,
      0.13402023911476135,
      0.07827142626047134,
      0.11646967381238937,
      0.10056161880493164,
      0.18800412118434906,
      0.06846679002046585,
      0.13745565712451935,
      0.14467652142047882,
      0.10074912756681442,
      0.1809854805469513,
      0.1738855391740799,
      0.12473764270544052,
      0.05748731642961502,
      0.064940445125103,
      0.14598830044269562,
      0.08944790810346603,
      0.10259733349084854,
      0.3420334756374359,
      0.04893402010202408
    ],
    [
      0.1808859407901764,
      0.4859771430492401,
      0.1246943399310112,
      0.132391095161438,
      0.17691165208816528,
      0.12859565019607544,
      0.17054922878742218,
      0.0987551212310791,
      0.14925087988376617,
      0.21103857457637787,
      0.15802446007728577,
      0.23827505111694336,
      0.09426070004701614,
      0.20851972699165344,
      0.19949238002300262,
      0.19694958627223969,
      0.18028569221496582,
      0.4641883969306946,
      0.2156062126159668,
      0.07653989642858505,
      0.07378838211297989,
      0.0,
      0.04768742248415947,
      0.1075696349143982,
      0.058152783662080765,
      0.11872134357690811,
      0.11350275576114655,
      0.13349649310112,
      0.15663883090019226,
      0.15404783189296722,
      0.30728670954704285,
      0.1297350376844406,
      0.08662983030080795,
      0.12588529288768768,
      0.106170155107975,
      0.19673986732959747,
      0.07700293511152267,
      0.145175501704216,
      0.15355338156223297,
      0.09532108157873154,
      0.18866805732250214,
      0.1822054535150528,
      0.13463985919952393,
      0.061430808156728745,
      0.07081382721662521,
      0.15310388803482056,
      0.09783580899238586,
      0.09721043705940247,
      0.29494139552116394,
      0.05759144574403763
    ],
    [
      0.16849146783351898,
      0.5415889024734497,
      0.10307478159666061,
      0.10517685860395432,
      0.1612831950187683,
      0.09680581837892532,
      0.14708122611045837,
      0.12031810730695724,
      0.1260336935520172,
      0.2337922602891922,
      0.12931926548480988,
      0.16938148438930511,
      0.09605007618665695,
      0.18393605947494507,
      0.17912615835666656,
      0.1714581400156021,
      0.1638382077217102,
      0.5123957991600037,
      0.1658755987882614,
      0.04654739424586296,
      0.04161810502409935,
      0.04768742248415947,
      0.0,
      0.10823813825845718,
      0.02859548293054104,
      0.0947982594370842,
      0.10852678120136261,
      0.09993620216846466,
      0.12993133068084717,
      0.11931460350751877,
      0.3713838458061218,
      0.12939999997615814,
      0.057995881885290146,
      0.10250820964574814,
      0.08349108695983887,
      0.1688859909772873,
      0.04889625683426857,
      0.11038827151060104,
      0.12602989375591278,
      0.09712626785039902,
      0.155836284160614,
      0.15533602237701416,
      0.1005205512046814,
      0.03184515982866287,
      0.04110173508524895,
      0.12631897628307343,
      0.0685870423913002,
      0.09868159145116806,
      0.3259551227092743,
      0.02790440060198307
    ],
    [
      0.17864613234996796,
      0.5225465297698975,
      0.1670234203338623,
      0.17728950083255768,
      0.2088257521390915,
      0.1617545336484909,
      0.15472133457660675,
      0.026746118441224098,
      0.1352117657661438,
      0.26082345843315125,
      0.1336233764886856,
      0.23615741729736328,
      0.018393144011497498,
      0.25249794125556946,
      0.23825445771217346,
      0.17960774898529053,
      0.24180391430854797,
      0.4969048500061035,
      0.25276538729667664,
      0.11770570278167725,
      0.1126384511590004,
      0.1075696349143982,
      0.10823813825845718,
      0.0,
      0.09916778653860092,
      0.10311515629291534,
      0.03955655172467232,
      0.16439341008663177,
      0.11080795526504517,
      0.21424101293087006,
      0.33465811610221863,
      0.04903320223093033,
      0.16964130103588104,
      0.1000853106379509,
      0.08715862035751343,
      0.24790199100971222,
      0.09905262291431427,
      0.20555488765239716,
      0.23154430091381073,
      0.01628708653151989,
      0.2330896407365799,
      0.24474051594734192,
      0.1780884712934494,
      0.11632724851369858,
      0.1255752295255661,
      0.1317642778158188,
      0.17208634316921234,
      0.01586844027042389,
      0.323817640542984,
      0.11609890311956406
    ],
    [
      0.1833948940038681,
      0.5435635447502136,
      0.10974247753620148,
      0.0970659852027893,
      0.17098669707775116,
      0.1035420224070549,
      0.1506456732749939,
      0.09084995836019516,
      0.1297115534543991,
      0.2407936304807663,
      0.10575509071350098,
      0.22719423472881317,
      0.08649584650993347,
      0.19402074813842773,
      0.18788807094097137,
      0.17737729847431183,
      0.17372635006904602,
      0.4957694709300995,
      0.1756955087184906,
      0.05692194029688835,
      0.051354050636291504,
      0.058152783662080765,
      0.02859548293054104,
      0.09916778653860092,
      0.0,
      0.09890424460172653,
      0.1059049591422081,
      0.09951379150152206,
      0.13638460636138916,
      0.13887850940227509,
      0.3815530836582184,
      0.12062933295965195,
      0.06776797771453857,
      0.1096779853105545,
      0.08316624164581299,
      0.16782042384147644,
      0.056612756103277206,
      0.12427359074354172,
      0.13506954908370972,
      0.08723627775907516,
      0.1667443960905075,
      0.1539153903722763,
      0.12147163599729538,
      0.042233485728502274,
      0.05140940099954605,
      0.13273994624614716,
      0.07738378643989563,
      0.08914277702569962,
      0.2995002865791321,
      0.03700154647231102
    ],
    [
      0.08184081315994263,
      0.5192806124687195,
      0.07409494370222092,
      0.08728902786970139,
      0.12467002868652344,
      0.06824333220720291,
      0.0641159638762474,
      0.09156139940023422,
      0.04637957736849785,
      0.1698596030473709,
      0.18539215624332428,
      0.11666734516620636,
      0.09180500358343124,
      0.15748047828674316,
      0.14717230200767517,
      0.07910884916782379,
      0.13984042406082153,
      0.5041687488555908,
      0.17134906351566315,
      0.1173480898141861,
      0.11116228252649307,
      0.11872134357690811,
      0.0947982594370842,
      0.10311515629291534,
      0.09890424460172653,
      0.0,
      0.0809391662478447,
      0.06599508970975876,
      0.1553226113319397,
      0.11858107149600983,
      0.3682574927806854,
      0.09309417754411697,
      0.06973668187856674,
      0.03655264154076576,
      0.04187874123454094,
      0.15168073773384094,
      0.062079157680273056,
      0.11348617076873779,
      0.13405382633209229,
      0.09373030066490173,
      0.1372307389974594,
      0.1429453045129776,
      0.08054529130458832,
      0.10403559356927872,
      0.10155007988214493,
      0.17001481354236603,
      0.10228436440229416,
      0.09496671706438065,
      0.3693721294403076,
      0.10048065334558487
    ],
    [
      0.15692885220050812,
      0.5341189503669739,
      0.14533059298992157,
      0.15504653751850128,
      0.18705913424491882,
      0.1394915133714676,
      0.13326434791088104,
      0.033311761915683746,
      0.11329388618469238,
      0.2719361186027527,
      0.13986824452877045,
      0.21436570584774017,
      0.02672206237912178,
      0.23064367473125458,
      0.25449100136756897,
      0.15746939182281494,
      0.21996811032295227,
      0.5098322033882141,
      0.23423810303211212,
      0.12352347373962402,
      0.11871067434549332,
      0.11350275576114655,
      0.10852678120136261,
      0.03955655172467232,
      0.1059049591422081,
      0.0809391662478447,
      0.0,
      0.13707704842090607,
      0.11970371007919312,
      0.19206781685352325,
      0.34173473715782166,
      0.060844969004392624,
      0.14851272106170654,
      0.07375659048557281,
      0.05601290613412857,
      0.22693200409412384,
      0.075467549264431,
      0.1848711222410202,
      0.2056591808795929,
      0.025509173050522804,
      0.21218803524971008,
      0.22356633841991425,
      0.1519174575805664,
      0.1206570416688919,
      0.12537507712841034,
      0.13402388989925385,
      0.18335506319999695,
      0.027540240436792374,
      0.3220820724964142,
      0.11754604429006577
    ],
    [
      0.19662344455718994,
      0.6103230714797974,
      0.031440991908311844,
      0.036368291825056076,
      0.11017058044672012,
      0.05599181726574898,
      0.12359938770532608,
      0.1589430272579193,
      0.09969764202833176,
      0.13696330785751343,
      0.21542827785015106,
      0.15120425820350647,
      0.15379458665847778,
      0.13004545867443085,
      0.1135379821062088,
      0.12466074526309967,
      0.11397115141153336,
      0.59389328956604,
      0.11422812938690186,
      0.13121475279331207,
      0.12282861769199371,
      0.13349649310112,
      0.09993620216846466,
      0.16439341008663177,
      0.09951379150152206,
      0.06599508970975876,
      0.13707704842090607,
      0.0,
      0.17373590171337128,
      0.07115516066551208,
      0.402372270822525,
      0.15485340356826782,
      0.035778503865003586,
      0.0599445104598999,
      0.09345974773168564,
      0.14624586701393127,
      0.07372474670410156,
      0.057110946625471115,
      0.08923112601041794,
      0.15434542298316956,
      0.1683579683303833,
      0.1353970766067505,
      0.025636067613959312,
      0.11871426552534103,
      0.10287491232156754,
      0.17407718300819397,
      0.0863223448395729,
      0.15493088960647583,
      0.42021116614341736,
      0.10623525828123093
    ],
    [
      0.24324019253253937,
      0.6016813516616821,
      0.20285740494728088,
      0.21247176826000214,
      0.2934347689151764,
      0.19772621989250183,
      0.20828008651733398,
      0.1304749995470047,
      0.18693037331104279,
      0.30400678515434265,
      0.030474765226244926,
      0.2852613627910614,
      0.09817254543304443,
      0.2739792764186859,
      0.2551197111606598,
      0.24733249843120575,
      0.24279534816741943,
      0.6063010096549988,
      0.3030069172382355,
      0.1572982221841812,
      0.14962740242481232,
      0.15663883090019226,
      0.12993133068084717,
      0.11080795526504517,
      0.13638460636138916,
      0.1553226113319397,
      0.11970371007919312,
      0.17373590171337128,
      0.0,
      0.24087576568126678,
      0.3935736417770386,
      0.1355925053358078,
      0.1665797084569931,
      0.21605081856250763,
      0.16285447776317596,
      0.25973519682884216,
      0.15980422496795654,
      0.2327161580324173,
      0.22443993389606476,
      0.0985644981265068,
      0.26052263379096985,
      0.24536776542663574,
      0.19229666888713837,
      0.14283911883831024,
      0.14931128919124603,
      0.02330809272825718,
      0.17200861871242523,
      0.10074951499700546,
      0.24218635261058807,
