{
  "rerun": 0,
  "num_decoders": 3,
  "cluster_ids": [
    "L5 IT ALM Cpa6 Gpr88",
    "Endo Ctla2a",
    "L2/3 IT ALM Macc1 Lrg1",
    "L2/3 IT ALM Ptrf",
    "L5 IT ALM Npw",
    "L2/3 IT ALM Sla",
    "L6 IT ALM Tgfb1",
    "L6 CT ALM Cpa6",
    "L6 IT ALM Oprk1",
    "L5 IT ALM Tmem163 Dmrtb1",
    "L5 NP ALM Trhr Nefl",
    "L5 IT ALM Pld5",
    "L6 CT ALM Nxph2 Sla",
    "L5 IT ALM Tmem163 Arhgap25",
    "L5 IT ALM Tnc",
    "L5 IT ALM Gkn1 Pcdh19",
    "L5 IT ALM Cbln4 Fezf2",
    "Endo Cytl1",
    "L5 IT ALM Lypd1 Gpr88",
    "L5 PT ALM Npsr1",
    "L5 PT ALM Hpgd",
    "L5 PT ALM Slco2a1",
    "L5 PT VISp C1ql2 Cdh13",
    "L6 CT VISp Gpr139",
    "L5 PT VISp Krt80",
    "L6 IT VISp Penk Col27a1",
    "L6 CT VISp Ctxn3 Sla",
    "L2/3 IT VISp Adamts2",
    "L5 NP VISp Trhr Cpne7",
    "L5 IT VISp Col6a1 Fezf2",
    "CR Lhx5",
    "L6 CT VISp Ctxn3 Brinp3",
    "L2/3 IT VISp Rrad",
    "L6 IT VISp Penk Fst",
    "L6 IT VISp Col23a1 Adamts2",
    "L5 IT VISp Whrn Tox2",
    "L6 IT VISp Col18a1",
    "L5 IT VISp Col27a1",
    "L4 IT VISp Rspo1",
    "L6 CT VISp Krt80 Sla",
    "L5 IT VISp Batf3",
    "L5 IT VISp Hsd11b1 Endou",
    "L2/3 IT VISp Agmat",
    "L5 PT VISp C1ql2 Ptgfr",
    "L5 PT VISp Chrna6",
    "L5 NP VISp Trhr Met",
    "L6 IT VISp Car3",
    "L6 CT VISp Nxph2 Wls",
    "Astro Aqp4",
    "L5 PT VISp Lgr5"
  ],
  "geodesic_distance_matrix": [
    [
      0.0,
      5.843092918395996,
      0.6234691143035889,
      0.6251773238182068,
      0.4359821081161499,
      0.7141025066375732,
      0.33198755979537964,
      1.8322678804397583,
      0.4762640595436096,
      0.8381097316741943,
      2.762049674987793,
      0.4133265018463135,
      1.8041616678237915,
      0.7484452128410339,
      0.6942270994186401,
      0.19068583846092224,
      0.5617217421531677,
      5.596713066101074,
      0.6946960687637329,
      1.6123812198638916,
      1.6590850353240967,
      1.7703735828399658,
      1.4480873346328735,
      1.8882311582565308,
      1.609488606452942,
      0.8228923678398132,
      1.672560214996338,
      0.8007034659385681,
      2.382089614868164,
      0.8239184617996216,
      4.592681884765625,
      1.770399570465088,
      0.9564723968505859,
      0.9539167881011963,
      1.0567677021026611,
      0.9107770919799805,
      1.2042533159255981,
      0.6351837515830994,
      1.2798811197280884,
      1.8472824096679688,
      0.775466799736023,
      1.0557941198349,
      0.9136735200881958,
      1.448954463005066,
      1.2999968528747559,
      2.5545928478240967,
      1.184920310974121,
      1.833559274673462,
      4.669639587402344,
      1.4187324047088623
    ],
    [
      5.843092918395996,
      0.0,
      5.30301570892334,
      5.446596145629883,
      5.950440406799316,
      5.398820877075195,
      5.927888870239258,
      4.978791236877441,
      6.022890090942383,
      5.6379499435424805,
      4.360468864440918,
      5.736314296722412,
      5.01882266998291,
      5.627763271331787,
      5.8113627433776855,
      5.964189529418945,
      5.789139270782471,
      0.3249521851539612,
      5.8144941329956055,
      4.618188858032227,
      4.707308769226074,
      4.593451499938965,
      4.899794578552246,
      5.13383674621582,
      4.855630397796631,
      5.803717613220215,
      5.120591640472412,
      5.041459083557129,
      4.10488224029541,
      5.437748432159424,
      1.7347315549850464,
      5.285634994506836,
      5.299933433532715,
      5.557676315307617,
      5.400470733642578,
      5.457640171051025,
      5.291192531585693,
      5.516524314880371,
      4.864830017089844,
      5.067176342010498,
      5.368478298187256,
      5.293638229370117,
      5.243816375732422,
      4.782947540283203,
      4.763102054595947,
      4.044328689575195,
      4.901076316833496,
      5.075362205505371,
      3.1381733417510986,
      4.807785511016846
    ],
    [
      0.6234691143035889,
      5.30301570892334,
      0.0,
      0.3051348328590393,
      0.8849856853485107,
      0.23290683329105377,
      0.6383646726608276,
      1.453803300857544,
      0.6396146416664124,
      1.2267857789993286,
      2.154181957244873,
      0.7583891153335571,
      1.46431303024292,
      1.0420335531234741,
      1.088696837425232,
      0.7621892094612122,
      0.9005303978919983,
      5.29383659362793,
      1.0382359027862549,
      1.192176103591919,
      1.1094434261322021,
      1.1935383081436157,
      1.0365443229675293,
      1.5333359241485596,
      1.038155198097229,
      0.6875436305999756,
      1.331408143043518,
      0.2465815544128418,
      1.8286266326904297,
      0.6682470440864563,
      4.073506832122803,
      1.4578540325164795,
      0.33347052335739136,
      0.6259864568710327,
      0.7333055734634399,
      1.0750834941864014,
      0.6979503631591797,
      0.5200026035308838,
      0.9567033052444458,
      1.4890800714492798,
      0.9247837066650391,
      1.179412841796875,
      0.21632982790470123,
      0.8778374195098877,
      0.7640863060951233,
      2.0327348709106445,
      0.6661269664764404,
      1.482410192489624,
      3.9969358444213867,
      0.8493492603302002
    ],
    [
      0.6251773238182068,
      5.446596145629883,
      0.3051348328590393,
      0.0,
      0.7868596315383911,
      0.2572811543941498,
      0.6615275144577026,
      1.5411536693572998,
      0.663817286491394,
      1.1060421466827393,
      2.1893601417541504,
      0.6947850584983826,
      1.545180320739746,
      0.8820004463195801,
      0.997327446937561,
      0.7013741731643677,
      0.7464437484741211,
      5.2011613845825195,
      0.8621845245361328,
      1.161644697189331,
      1.165722131729126,
      1.2394899129867554,
      1.0157830715179443,
      1.6182034015655518,
      1.0869133472442627,
      0.737202525138855,
      1.4114776849746704,
      0.30237093567848206,
      1.9664181470870972,
      0.6023637056350708,
      4.008421897888184,
      1.5346921682357788,
      0.39107781648635864,
      0.6998446583747864,
      0.8364925384521484,
      0.9589757919311523,
      0.7645881175994873,
      0.4865055978298187,
      0.9414440393447876,
      1.5571956634521484,
      0.8391770124435425,
      1.0159039497375488,
      0.2510092258453369,
      0.9181771278381348,
      0.7517138719558716,
      2.1065304279327393,
      0.670935869216919,
      1.5751351118087769,
      4.097406387329102,
      0.8787981867790222
    ],
    [
      0.4359821081161499,
      5.950440406799316,
      0.8849856853485107,
      0.7868596315383911,
      0.0,
      0.8424001336097717,
      0.659966230392456,
      2.1640286445617676,
      0.7973137497901917,
      0.5013347268104553,
      2.843918800354004,
      0.223274827003479,
      2.089667320251465,
      0.4153851568698883,
      0.33700117468833923,
      0.5445104837417603,
      0.2326178252696991,
      5.76374626159668,
      0.304407000541687,
      1.8627525568008423,
      1.7920441627502441,
      1.9316262006759644,
      1.595123291015625,
      2.1425814628601074,
      1.7184723615646362,
      1.0949127674102783,
      1.9293227195739746,
      1.0092796087265015,
      2.663390636444092,
      0.5554550886154175,
      4.610172271728516,
      2.0450077056884766,
      1.1172142028808594,
      1.3336111307144165,
      1.3117380142211914,
      0.553620457649231,
      1.462955355644226,
      0.6154756546020508,
      1.051647424697876,
      2.0886926651000977,
      0.5136322975158691,
      0.7659717202186584,
      0.9248014688491821,
      1.556519865989685,
      1.4697057008743286,
      2.7292580604553223,
      1.3081128597259521,
      2.1441988945007324,
      4.755706787109375,
      1.5187909603118896
    ],
    [
      0.7141025066375732,
      5.398820877075195,
      0.23290683329105377,
      0.2572811543941498,
      0.8424001336097717,
      0.0,
      0.6805002689361572,
      1.3978091478347778,
      0.5902608036994934,
      1.2837086915969849,
      2.0417838096618652,
      0.8374923467636108,
      1.4415295124053955,
      1.0840727090835571,
      1.2076724767684937,
      0.7916898727416992,
      0.9514808654785156,
      5.282723903656006,
      1.0797359943389893,
      0.9831926822662354,
      1.0574029684066772,
      1.1698393821716309,
      1.0161585807800293,
      1.4898147583007812,
      1.1071902513504028,
      0.6696826815605164,
      1.2863132953643799,
      0.23711524903774261,
      1.831164002418518,
      0.6765010356903076,
      3.9815311431884766,
      1.4123417139053345,
      0.34082236886024475,
      0.6209304332733154,
      0.72184818983078,
      1.1106462478637695,
      0.6581956148147583,
      0.5675274133682251,
      0.9461666941642761,
      1.4468841552734375,
      0.9761172533035278,
      1.3010715246200562,
      0.22432178258895874,
      1.0181770324707031,
      0.7255744338035583,
      1.9930449724197388,
      0.6181836724281311,
      1.4467523097991943,
      3.983776569366455,
      0.8208639621734619
    ],
    [
      0.33198755979537964,
      5.927888870239258,
      0.6383646726608276,
      0.6615275144577026,
      0.659966230392456,
      0.6805002689361572,
      0.0,
      1.6157869100570679,
      0.3106510639190674,
      1.1501801013946533,
      2.7380053997039795,
      0.6989667415618896,
      1.591620683670044,
      1.0179961919784546,
      0.9742753505706787,
      0.25796040892601013,
      0.8046838045120239,
      5.7256011962890625,
      0.9076904654502869,
      1.6909016370773315,
      1.6465641260147095,
      1.8065229654312134,
      1.4459718465805054,
      1.667816400527954,
      1.5265612602233887,
      0.594231903553009,
      1.4466056823730469,
      0.8544372916221619,
      2.396829128265381,
      0.8763372898101807,
      4.623077392578125,
      1.5004814863204956,
      0.9550014734268188,
      0.7667281031608582,
      0.8242487907409668,
      1.174812912940979,
      0.9992876648902893,
      0.7592037320137024,
      1.4133797883987427,
      1.6145986318588257,
      1.0321500301361084,
      1.325338363647461,
      0.8629884719848633,
      1.5144587755203247,
      1.3070918321609497,
      2.6156296730041504,
      1.2367461919784546,
      1.6271402835845947,
      4.614623069763184,
      1.4781676530838013
    ],
    [
      1.8322678804397583,
      4.978791236877441,
      1.453803300857544,
      1.5411536693572998,
      2.1640286445617676,
      1.3978091478347778,
      1.6157869100570679,
      0.0,
      1.4331026077270508,
      2.611227035522461,
      1.2784439325332642,
      2.1174979209899902,
      0.2536100745201111,
      2.441037178039551,
      2.502227306365967,
      1.8180880546569824,
      2.290703773498535,
      4.86953067779541,
      2.396362781524658,
      1.100405216217041,
      1.002938985824585,
      1.0596387386322021,
      0.9011173844337463,
      0.2922106981277466,
      0.8324786424636841,
      1.1401517391204834,
      0.26650944352149963,
      1.396005392074585,
      1.1258294582366943,
      2.0337648391723633,
      3.594604969024658,
      0.35991746187210083,
      1.3601073026657104,
      1.0191643238067627,
      0.8104805946350098,
      2.444394826889038,
      1.006300449371338,
      1.9140509366989136,
      1.8898866176605225,
      0.18277080357074738,
      2.277402877807617,
      2.3602306842803955,
      1.5225907564163208,
      1.0327351093292236,
      1.2495073080062866,
      1.2513114213943481,
      1.4188570976257324,
      0.17045146226882935,
      3.224100112915039,
      0.9696927070617676
    ],
    [
      0.4762640595436096,
      6.022890090942383,
      0.6396146416664124,
      0.663817286491394,
      0.7973137497901917,
      0.5902608036994934,
      0.3106510639190674,
      1.4331026077270508,
      0.0,
      1.2742323875427246,
      2.5464694499969482,
      0.7889611721038818,
      1.4135056734085083,
      1.1490625143051147,
      1.1293087005615234,
      0.440918892621994,
      0.9379037022590637,
      5.860194206237793,
      1.0371657609939575,
      1.6023545265197754,
      1.5180962085723877,
      1.6061691045761108,
      1.2865533828735352,
      1.467850923538208,
      1.3486261367797852,
      0.40869760513305664,
      1.2474199533462524,
      0.8636065125465393,
      2.1941235065460205,
      1.0498871803283691,
      4.392294883728027,
      1.3209410905838013,
      0.9720264673233032,
      0.5753538012504578,
      0.6354644298553467,
      1.2726638317108154,
      0.8028053045272827,
      0.9426156878471375,
      1.350649356842041,
      1.415539264678955,
      1.0834035873413086,
      1.3099033832550049,
      0.8688193559646606,
      1.3944520950317383,
      1.17771577835083,
      2.3750393390655518,
      1.078877329826355,
      1.4173604249954224,
      4.413668632507324,
      1.3272457122802734
    ],
    [
      0.8381097316741943,
      5.6379499435424805,
      1.2267857789993286,
      1.1060421466827393,
      0.5013347268104553,
      1.2837086915969849,
      1.1501801013946533,
      2.611227035522461,
      1.2742323875427246,
      0.0,
      3.184690475463867,
      0.5341037511825562,
      2.639291286468506,
      0.3330100476741791,
      0.23670971393585205,
      0.9664886593818665,
      0.4263261556625366,
      5.410573959350586,
      0.2624342143535614,
      1.9210937023162842,
      1.959176778793335,
      2.098266839981079,
      1.9432153701782227,
      2.718475341796875,
      2.0674829483032227,
      1.533955454826355,
      2.526081085205078,
      1.396289587020874,
      3.0590944290161133,
      0.7473024129867554,
      4.37091064453125,
      2.5524773597717285,
      1.4219293594360352,
      1.7899281978607178,
      1.8738099336624146,
      0.4786152243614197,
      1.8966195583343506,
      0.8228945732116699,
      0.9889645576477051,
      2.674204111099243,
      0.5436227917671204,
      0.5559195280075073,
      1.2494680881500244,
      1.8514074087142944,
      1.6539766788482666,
      3.115779399871826,
      1.3524587154388428,
      2.6484415531158447,
      4.715837478637695,
      1.843790054321289
    ],
    [
      2.762049674987793,
      4.360468864440918,
      2.154181957244873,
      2.1893601417541504,
      2.843918800354004,
      2.0417838096618652,
      2.7380053997039795,
      1.2784439325332642,
      2.5464694499969482,
      3.184690475463867,
      0.0,
      2.7464599609375,
      1.3336586952209473,
      2.8174996376037598,
      3.1552205085754395,
      2.9375476837158203,
      2.8501858711242676,
      4.06236457824707,
      3.0350236892700195,
      1.411624789237976,
      1.3318817615509033,
      1.193830132484436,
      1.3984301090240479,
      1.3933616876602173,
      1.3133388757705688,
      2.206958293914795,
      1.4765568971633911,
      1.9228012561798096,
      0.3308829069137573,
      2.549734592437744,
      2.946253776550293,
      1.6260727643966675,
      1.9683432579040527,
      1.941007137298584,
      1.9876883029937744,
      2.7844038009643555,
      1.679770588874817,
      2.450714111328125,
      2.3942413330078125,
      1.3331098556518555,
      2.6325855255126953,
      2.6121816635131836,
      2.0457112789154053,
      1.4114277362823486,
      1.6697591543197632,
      0.26622074842453003,
      1.9288668632507324,
      1.346685528755188,
      1.9534962177276611,
      1.4070932865142822
    ],
    [
      0.4133265018463135,
      5.736314296722412,
      0.7583891153335571,
      0.6947850584983826,
      0.223274827003479,
      0.8374923467636108,
      0.6989667415618896,
      2.1174979209899902,
      0.7889611721038818,
      0.5341037511825562,
      2.7464599609375,
      0.0,
      2.103753089904785,
      0.3861033320426941,
      0.41354161500930786,
      0.5668957233428955,
      0.23439127206802368,
      5.624756336212158,
      0.32226547598838806,
      1.8003158569335938,
      1.6023083925247192,
      1.798170566558838,
      1.459761381149292,
      2.1436638832092285,
      1.5878679752349854,
      1.0609197616577148,
      1.9578579664230347,
      0.8963828086853027,
      2.527324914932251,
      0.42738640308380127,
      4.530115127563477,
      2.0466690063476562,
      0.9155853390693665,
      1.22834050655365,
      1.380431056022644,
      0.5463152527809143,
      1.3405179977416992,
      0.5029880404472351,
      0.9087491035461426,
      2.1330602169036865,
      0.4191955626010895,
      0.6735426783561707,
      0.877880334854126,
      1.4660274982452393,
      1.2792843580245972,
      2.6572206020355225,
      1.1663663387298584,
      2.10861873626709,
      4.663393020629883,
      1.4237791299819946
    ],
    [
      1.8041616678237915,
      5.01882266998291,
      1.46431303024292,
      1.545180320739746,
      2.089667320251465,
      1.4415295124053955,
      1.591620683670044,
      0.2536100745201111,
      1.4135056734085083,
      2.639291286468506,
      1.3336586952209473,
      2.103753089904785,
      0.0,
      2.4500906467437744,
      2.4880244731903076,
      1.827450156211853,
      2.2463696002960205,
      4.974687099456787,
      2.442347526550293,
      1.1419190168380737,
      1.0992212295532227,
      1.0526868104934692,
      1.0002682209014893,
      0.15525874495506287,
      0.8319398164749146,
      1.1105875968933105,
      0.22666364908218384,
      1.410111904144287,
      1.1609869003295898,
      2.0289454460144043,
      3.707749366760254,
      0.30664557218551636,
      1.413063883781433,
      0.948747456073761,
      0.8008493185043335,
      2.466801166534424,
      0.9002442955970764,
      1.9152674674987793,
      2.150261640548706,
      0.22041918337345123,
      2.2858011722564697,
      2.3830208778381348,
      1.5296242237091064,
      1.1330862045288086,
      1.234012484550476,
      1.2738025188446045,
      1.4325878620147705,
      0.19273972511291504,
      3.2844667434692383,
      0.9901810884475708
    ],
    [
      0.7484452128410339,
      5.627763271331787,
      1.0420335531234741,
      0.8820004463195801,
      0.4153851568698883,
      1.0840727090835571,
      1.0179961919784546,
      2.441037178039551,
      1.1490625143051147,
      0.3330100476741791,
      2.8174996376037598,
      0.3861033320426941,
      2.4500906467437744,
      0.0,
      0.3831672668457031,
      0.8969646096229553,
      0.2590119242668152,
      5.447385311126709,
      0.2960606813430786,
      1.9072279930114746,
      1.9030873775482178,
      1.9515156745910645,
      1.667435884475708,
      2.5042078495025635,
      1.7869408130645752,
      1.4048233032226562,
      2.314870595932007,
      1.1213992834091187,
      2.7857229709625244,
      0.46253466606140137,
      4.23720645904541,
      2.4833810329437256,
      1.2887063026428223,
      1.5733109712600708,
      1.6846630573272705,
      0.2264481782913208,
      1.6760872602462769,
      0.5833005309104919,
      0.7872556447982788,
      2.4635326862335205,
      0.3989066481590271,
      0.4136735796928406,
      0.9774489998817444,
      1.6442815065383911,
      1.4724684953689575,
      2.8497207164764404,
      1.1379698514938354,
      2.4385294914245605,
      4.530068397521973,
      1.5960414409637451
    ],
    [
      0.6942270994186401,
      5.8113627433776855,
      1.088696837425232,
      0.997327446937561,
      0.33700117468833923,
      1.2076724767684937,
      0.9742753505706787,
      2.502227306365967,
      1.1293087005615234,
      0.23670971393585205,
      3.1552205085754395,
      0.41354161500930786,
      2.4880244731903076,
      0.3831672668457031,
      0.0,
      0.8132138848304749,
      0.36258363723754883,
      5.597813129425049,
      0.2665438950061798,
      1.977843999862671,
      1.9193990230560303,
      2.1736936569213867,
      1.8839209079742432,
      2.5683770179748535,
      2.003509044647217,
      1.3729444742202759,
      2.351783514022827,
      1.288722276687622,
      2.91269850730896,
      0.7288199663162231,
      4.532241344451904,
      2.384613037109375,
      1.3506349325180054,
      1.6359477043151855,
      1.7749083042144775,
      0.5724813342094421,
      1.8495995998382568,
      0.7513903379440308,
      1.0920993089675903,
      2.424643039703369,
      0.6068074703216553,
      0.7243373990058899,
      1.1774343252182007,
      1.846637487411499,
      1.7982337474822998,
      3.03995418548584,
      1.5052764415740967,
      2.5208890438079834,
      4.999682426452637,
      1.9211617708206177
    ],
    [
      0.19068583846092224,
      5.964189529418945,
      0.7621892094612122,
      0.7013741731643677,
      0.5445104837417603,
      0.7916898727416992,
      0.25796040892601013,
      1.8180880546569824,
      0.440918892621994,
      0.9664886593818665,
      2.9375476837158203,
      0.5668957233428955,
      1.827450156211853,
      0.8969646096229553,
      0.8132138848304749,
      0.0,
      0.7921550869941711,
      5.794954299926758,
      0.7645909786224365,
      1.7936333417892456,
      1.736031413078308,
      1.8319408893585205,
      1.6785686016082764,
      1.897552728652954,
      1.7263120412826538,
      0.7732569575309753,
      1.6791852712631226,
      0.9492841958999634,
      2.6125874519348145,
      0.9351614713668823,
      4.715839385986328,
      1.7514644861221313,
      1.0081689357757568,
      0.987389087677002,
      1.061621904373169,
      1.0302602052688599,
      1.2350984811782837,
      0.9228879809379578,
      1.4685062170028687,
      1.859767198562622,
      0.9320474863052368,
      1.203305959701538,
      0.8854071497917175,
      1.567686676979065,
      1.3981530666351318,
      2.807009220123291,
      1.294820785522461,
      1.851115107536316,
      4.768607139587402,
      1.5233123302459717
    ],
    [
      0.5617217421531677,
      5.789139270782471,
      0.9005303978919983,
      0.7464437484741211,
      0.2326178252696991,
      0.9514808654785156,
      0.8046838045120239,
      2.290703773498535,
      0.9379037022590637,
      0.4263261556625366,
      2.8501858711242676,
      0.23439127206802368,
      2.2463696002960205,
      0.2590119242668152,
      0.36258363723754883,
      0.7921550869941711,
      0.0,
      5.584780693054199,
      0.22079892456531525,
      1.5259959697723389,
      1.7067482471466064,
      1.921099305152893,
      1.573742389678955,
      2.344522476196289,
      1.727637529373169,
      1.18965482711792,
      2.1258535385131836,
      0.993019700050354,
      2.602970600128174,
      0.40131309628486633,
      4.2840728759765625,
      2.193143367767334,
      1.0419527292251587,
      1.4344291687011719,
      1.5521057844161987,
      0.388945072889328,
      1.5894310474395752,
      0.4521010220050812,
      0.9211015701293945,
      2.302260398864746,
      0.3681049644947052,
      0.5784257650375366,
      0.8640530109405518,
      1.6054304838180542,
      1.3540233373641968,
      2.7459299564361572,
      1.1977094411849976,
      2.250051498413086,
      4.715888023376465,
      1.5437678098678589
    ],
    [
      5.596713066101074,
      0.3249521851539612,
      5.29383659362793,
      5.2011613845825195,
      5.76374626159668,
      5.282723903656006,
      5.7256011962890625,
      4.86953067779541,
      5.860194206237793,
      5.410573959350586,
      4.06236457824707,
      5.624756336212158,
      4.974687099456787,
      5.447385311126709,
      5.597813129425049,
      5.794954299926758,
      5.584780693054199,
      0.0,
      5.511163711547852,
      4.426617622375488,
      4.509640693664551,
      4.352614402770996,
      4.700923919677734,
      5.009793758392334,
      4.683504581451416,
      5.687328815460205,
      5.009768486022949,
      5.04960823059082,
      3.9455337524414062,
      5.232023239135742,
      1.590675950050354,
      5.14791202545166,
      4.929059982299805,
      5.414391040802002,
      5.366668701171875,
      5.261167526245117,
      5.174468517303467,
      5.2704033851623535,
      4.78834867477417,
      4.832531452178955,
      5.163939476013184,
      4.950778961181641,
      5.022695064544678,
      4.5657196044921875,
      4.58427619934082,
      3.931976795196533,
      4.758327007293701,
      4.940883636474609,
      3.081388235092163,
      4.586669445037842
    ],
    [
      0.6946960687637329,
      5.8144941329956055,
      1.0382359027862549,
      0.8621845245361328,
      0.304407000541687,
      1.0797359943389893,
      0.9076904654502869,
      2.396362781524658,
      1.0371657609939575,
      0.2624342143535614,
      3.0350236892700195,
      0.32226547598838806,
      2.442347526550293,
      0.2960606813430786,
      0.2665438950061798,
      0.7645909786224365,
      0.22079892456531525,
      5.511163711547852,
      0.0,
      1.8238338232040405,
      1.8542556762695312,
      1.9264206886291504,
      1.717626690864563,
      2.4814953804016113,
      1.8266675472259521,
      1.2968850135803223,
      2.2053723335266113,
      1.159700632095337,
      2.7588562965393066,
      0.5340198278427124,
      4.4249372482299805,
      2.367825984954834,
      1.1906081438064575,
      1.528027057647705,
      1.6223914623260498,
      0.37688884139060974,
      1.6478153467178345,
      0.580883264541626,
      1.012483835220337,
      2.4552369117736816,
      0.43331629037857056,
      0.5833418369293213,
      0.9888453483581543,
      1.6253364086151123,
      1.6052937507629395,
      2.8633155822753906,
      1.0924031734466553,
      2.4720983505249023,
      4.75344181060791,
      1.6192474365234375
    ],
    [
      1.6123812198638916,
      4.618188858032227,
      1.192176103591919,
      1.161644697189331,
      1.8627525568008423,
      0.9831926822662354,
      1.6909016370773315,
      1.100405216217041,
      1.6023545265197754,
      1.9210937023162842,
      1.411624789237976,
      1.8003158569335938,
      1.1419190168380737,
      1.9072279930114746,
      1.977843999862671,
      1.7936333417892456,
      1.5259959697723389,
      4.426617622375488,
      1.8238338232040405,
      0.0,
      0.2802358865737915,
      0.36740630865097046,
      0.39638465642929077,
      1.2643024921417236,
      0.37834855914115906,
      1.3760442733764648,
      1.1663618087768555,
      1.007254958152771,
      1.1338773965835571,
      1.5806491374969482,
      3.110833168029785,
      1.3319796323776245,
      0.8505145907402039,
      1.1229411363601685,
      1.1607859134674072,
      1.6713109016418457,
      0.8543100357055664,
      1.4619680643081665,
      1.2634046077728271,
      1.1814125776290894,
      1.5229823589324951,
      1.5613470077514648,
      1.0987179279327393,
      0.3494650721549988,
      0.5581744909286499,
      1.3556182384490967,
      0.7977248430252075,
      1.207577109336853,
      2.949298620223999,
      0.3865514099597931
    ],
    [
      1.6590850353240967,
      4.707308769226074,
      1.1094434261322021,
      1.165722131729126,
      1.7920441627502441,
      1.0574029684066772,
      1.6465641260147095,
      1.002938985824585,
      1.5180962085723877,
      1.959176778793335,
      1.3318817615509033,
      1.6023083925247192,
      1.0992212295532227,
      1.9030873775482178,
      1.9193990230560303,
      1.736031413078308,
      1.7067482471466064,
      4.509640693664551,
      1.8542556762695312,
      0.2802358865737915,
      0.0,
      0.2967036962509155,
      0.2845979332923889,
      1.1733818054199219,
      0.29232341051101685,
      1.2976620197296143,
      1.0674015283584595,
      0.9031099081039429,
      1.1606520414352417,
      1.4945677518844604,
      3.0898656845092773,
      1.2971198558807373,
      0.8042038083076477,
      1.0353806018829346,
      1.0364092588424683,
      1.7237136363983154,
      0.7597938776016235,
      1.2913340330123901,
      1.218345046043396,
      1.0869560241699219,
      1.6489084959030151,
      1.5627939701080322,
      0.9995183944702148,
      0.25464242696762085,
      0.43346861004829407,
      1.4386770725250244,
      0.7681373357772827,
      1.0703315734863281,
      3.0074758529663086,
      0.25339633226394653
    ],
    [
      1.7703735828399658,
      4.593451499938965,
      1.1935383081436157,
      1.2394899129867554,
      1.9316262006759644,
      1.1698393821716309,
      1.8065229654312134,
      1.0596387386322021,
      1.6061691045761108,
      2.098266839981079,
      1.193830132484436,
      1.798170566558838,
      1.0526868104934692,
      1.9515156745910645,
      2.1736936569213867,
      1.8319408893585205,
      1.921099305152893,
      4.352614402770996,
      1.9264206886291504,
      0.36740630865097046,
      0.2967036962509155,
      0.0,
      0.41457056999206543,
      1.1485631465911865,
      0.4185914397239685,
      1.3807579278945923,
      1.0604803562164307,
      0.9729083776473999,
      0.9713304042816162,
      1.5381592512130737,
      3.069580554962158,
      1.2376500368118286,
      0.9004373550415039,
      1.1114325523376465,
      1.1818126440048218,
      1.8597373962402344,
      0.8617842197418213,
      1.539021372795105,
      1.231898307800293,
      1.1010377407073975,
      1.7329511642456055,
      1.6369878053665161,
      1.0758610963821411,
      0.3631429374217987,
      0.5488354563713074,
      1.2021918296813965,
      0.8782202005386353,
      1.115869164466858,
      2.89523983001709,
      0.403870552778244
    ],
    [
      1.4480873346328735,
      4.899794578552246,
      1.0365443229675293,
      1.0157830715179443,
      1.595123291015625,
      1.0161585807800293,
      1.4459718465805054,
      0.9011173844337463,
      1.2865533828735352,
      1.9432153701782227,
      1.3984301090240479,
      1.459761381149292,
      1.0002682209014893,
      1.667435884475708,
      1.8839209079742432,
      1.6785686016082764,
      1.573742389678955,
      4.700923919677734,
      1.717626690864563,
      0.39638465642929077,
      0.2845979332923889,
      0.41457056999206543,
      0.0,
      1.0033971071243286,
      0.3866885006427765,
      1.0521831512451172,
      0.9901259541511536,
      0.8472345471382141,
      1.135296106338501,
      1.2680656909942627,
      3.307729959487915,
      1.0570895671844482,
      0.7105832099914551,
      0.7796874642372131,
      0.8927552700042725,
      1.6670368909835815,
      0.7011595964431763,
      1.232515811920166,
      1.2095743417739868,
      0.890529215335846,
      1.5139362812042236,
      1.5960288047790527,
      0.9904526472091675,
      0.26204341650009155,
      0.5439913868904114,
      1.2118041515350342,
      0.7567655444145203,
      0.9728218913078308,
      3.2397308349609375,
      0.26587873697280884
    ],
    [
      1.8882311582565308,
      5.13383674621582,
      1.5333359241485596,
      1.6182034015655518,
      2.1425814628601074,
      1.4898147583007812,
      1.667816400527954,
      0.2922106981277466,
      1.467850923538208,
      2.718475341796875,
      1.3933616876602173,
      2.1436638832092285,
      0.15525874495506287,
      2.5042078495025635,
      2.5683770179748535,
      1.897552728652954,
      2.344522476196289,
      5.009793758392334,
      2.4814953804016113,
      1.2643024921417236,
      1.1733818054199219,
      1.1485631465911865,
      1.0033971071243286,
      0.0,
      0.9510143995285034,
      1.19854736328125,
      0.2504296600818634,
      1.5001624822616577,
      1.3013255596160889,
      2.1225810050964355,
      3.7746987342834473,
      0.30054783821105957,
      1.4884449243545532,
      1.0164523124694824,
      0.8393651247024536,
      2.5593607425689697,
      0.8244495391845703,
      1.999335765838623,
      2.267577886581421,
      0.166508287191391,
      2.3421359062194824,
      2.4756107330322266,
      1.6216109991073608,
      1.2089087963104248,
      1.3175339698791504,
      1.3567836284637451,
      1.5511053800582886,
      0.07874833792448044,
      3.3602471351623535,
      1.1780390739440918
    ],
    [
      1.609488606452942,
      4.855630397796631,
      1.038155198097229,
      1.0869133472442627,
      1.7184723615646362,
      1.1071902513504028,
      1.5265612602233887,
      0.8324786424636841,
      1.3486261367797852,
      2.0674829483032227,
      1.3133388757705688,
      1.5878679752349854,
      0.8319398164749146,
      1.7869408130645752,
      2.003509044647217,
      1.7263120412826538,
      1.727637529373169,
      4.683504581451416,
      1.8266675472259521,
      0.37834855914115906,
      0.29232341051101685,
      0.4185914397239685,
      0.3866885006427765,
      0.9510143995285034,
      0.0,
      1.114800214767456,
      0.8160731792449951,
      0.9264713525772095,
      1.1482799053192139,
      1.4121851921081543,
      3.2368009090423584,
      1.094024896621704,
      0.7261731028556824,
      0.8264658451080322,
      0.8881871700286865,
      1.7727224826812744,
      0.7110419273376465,
      1.344933271408081,
      1.2817676067352295,
      0.8333288431167603,
      1.6327755451202393,
      1.598059892654419,
      1.0253421068191528,
      0.3464426100254059,
      0.5056925415992737,
      1.2522622346878052,
      0.8031874895095825,
      0.8668299913406372,
      3.070399522781372,
      0.29525965452194214
    ],
    [
      0.8228923678398132,
      5.803717613220215,
      0.6875436305999756,
      0.737202525138855,
      1.0949127674102783,
      0.6696826815605164,
      0.594231903553009,
      1.1401517391204834,
      0.40869760513305664,
      1.533955454826355,
      2.206958293914795,
      1.0609197616577148,
      1.1105875968933105,
      1.4048233032226562,
      1.3729444742202759,
      0.7732569575309753,
      1.18965482711792,
      5.687328815460205,
      1.2968850135803223,
      1.3760442733764648,
      1.2976620197296143,
      1.3807579278945923,
      1.0521831512451172,
      1.19854736328125,
      1.114800214767456,
      0.0,
      0.9653406739234924,
      0.7686914205551147,
      2.033101797103882,
      1.284374713897705,
      4.135030746459961,
      1.0376535654067993,
      0.821662962436676,
      0.32088208198547363,
      0.35256481170654297,
      1.3829853534698486,
      0.5654095411300659,
      1.1407467126846313,
      1.5346165895462036,
      1.1399562358856201,
      1.5010980367660522,
      1.6466567516326904,
      0.8498882055282593,
      1.1762287616729736,
      1.1675763130187988,
      2.2107977867126465,
      1.2503663301467896,
      1.1396982669830322,
      4.208137512207031,
      1.129366159439087
    ],
    [
      1.672560214996338,
      5.120591640472412,
      1.331408143043518,
      1.4114776849746704,
      1.9293227195739746,
      1.2863132953643799,
      1.4466056823730469,
      0.26650944352149963,
      1.2474199533462524,
      2.526081085205078,
      1.4765568971633911,
      1.9578579664230347,
      0.22666364908218384,
      2.314870595932007,
      2.351783514022827,
      1.6791852712631226,
      2.1258535385131836,
      5.009768486022949,
      2.2053723335266113,
      1.1663618087768555,
      1.0674015283584595,
      1.0604803562164307,
      0.9901259541511536,
      0.2504296600818634,
      0.8160731792449951,
      0.9653406739234924,
      0.0,
      1.2767735719680786,
      1.2511210441589355,
      1.928273320198059,
      3.8313281536102295,
      0.2074829339981079,
      1.2845720052719116,
      0.8407111763954163,
      0.6306010484695435,
      2.3633649349212646,
      0.8444133996963501,
      1.7850278615951538,
      2.063645124435425,
      0.22578728199005127,
      2.1479878425598145,
      2.2755489349365234,
      1.4162280559539795,
      1.0294417142868042,
      1.2647701501846313,
      1.4158090353012085,
      1.7085025310516357,
      0.20445936918258667,
      3.431161880493164,
      0.9982576966285706
    ],
    [
      0.8007034659385681,
      5.041459083557129,
      0.2465815544128418,
      0.30237093567848206,
      1.0092796087265015,
      0.23711524903774261,
      0.8544372916221619,
      1.396005392074585,
      0.8636065125465393,
      1.396289587020874,
      1.9228012561798096,
      0.8963828086853027,
      1.410111904144287,
      1.1213992834091187,
      1.288722276687622,
      0.9492841958999634,
      0.993019700050354,
      5.04960823059082,
      1.159700632095337,
      1.007254958152771,
      0.9031099081039429,
      0.9729083776473999,
      0.8472345471382141,
      1.5001624822616577,
      0.9264713525772095,
      0.7686914205551147,
      1.2767735719680786,
      0.0,
      1.718808650970459,
      0.6937369108200073,
      3.8271327018737793,
      1.361810326576233,
      0.3125773072242737,
      0.6721820831298828,
      0.7612636089324951,
      1.1041641235351562,
      0.6557408571243286,
      0.5726717114448547,
      0.872105598449707,
      1.4393750429153442,
      0.9887031316757202,
      1.0573211908340454,
      0.19057424366474152,
      0.8137633204460144,
      0.7122964859008789,
      1.862105369567871,
      0.5397384762763977,
      1.425343632698059,
      3.829219341278076,
      0.9339457750320435
    ],
    [
      2.382089614868164,
      4.10488224029541,
      1.8286266326904297,
      1.9664181470870972,
      2.663390636444092,
      1.831164002418518,
      2.396829128265381,
      1.1258294582366943,
      2.1941235065460205,
      3.0590944290161133,
      0.3308829069137573,
      2.527324914932251,
      1.1609869003295898,
      2.7857229709625244,
      2.91269850730896,
      2.6125874519348145,
      2.602970600128174,
      3.9455337524414062,
      2.7588562965393066,
      1.1338773965835571,
      1.1606520414352417,
      0.9713304042816162,
      1.135296106338501,
      1.3013255596160889,
      1.1482799053192139,
      2.033101797103882,
      1.2511210441589355,
      1.718808650970459,
      0.0,
      2.2909557819366455,
      2.708441734313965,
      1.4308099746704102,
      1.79509699344635,
      1.7271978855133057,
      1.7650117874145508,
      2.404810667037964,
      1.4492685794830322,
      2.2092742919921875,
      2.07509183883667,
      1.1619623899459839,
      2.4190449714660645,
      2.4250478744506836,
      1.75169837474823,
      1.1012954711914062,
      1.4123036861419678,
      0.2473078817129135,
      1.6491734981536865,
      1.2324044704437256,
      2.2526743412017822,
      1.1230720281600952
    ],
    [
      0.8239184617996216,
      5.437748432159424,
      0.6682470440864563,
      0.6023637056350708,
      0.5554550886154175,
      0.6765010356903076,
      0.8763372898101807,
      2.0337648391723633,
      1.0498871803283691,
      0.7473024129867554,
      2.549734592437744,
      0.42738640308380127,
      2.0289454460144043,
      0.46253466606140137,
      0.7288199663162231,
      0.9351614713668823,
      0.40131309628486633,
      5.232023239135742,
      0.5340198278427124,
      1.5806491374969482,
      1.4945677518844604,
      1.5381592512130737,
      1.2680656909942627,
      2.1225810050964355,
      1.4121851921081543,
      1.284374713897705,
      1.928273320198059,
      0.6937369108200073,
      2.2909557819366455,
      0.0,
      4.206043720245361,
      2.063570976257324,
      0.7695033550262451,
      1.2147283554077148,
      1.3398505449295044,
      0.5666009783744812,
      1.2869057655334473,
      0.5099711418151855,
      0.6018463969230652,
      2.0704939365386963,
      0.416126012802124,
      0.751291036605835,
      0.5919960141181946,
      1.2634661197662354,
      1.1291677951812744,
      2.413989305496216,
      0.8997625708580017,
      2.092395305633545,
      4.355507850646973,
      1.165174961090088
    ],
    [
      4.592681884765625,
      1.7347315549850464,
      4.073506832122803,
      4.008421897888184,
