{
  "rerun": 1,
  "num_decoders": 3,
  "cluster_ids": [
    "L5 IT ALM Cpa6 Gpr88",
    "Endo Ctla2a",
    "L2/3 IT ALM Macc1 Lrg1",
    "L2/3 IT ALM Ptrf",
    "L5 IT ALM Npw",
    "L2/3 IT ALM Sla",
    "L6 IT ALM Tgfb1",
    "L6 CT ALM Cpa6",
    "L6 IT ALM Oprk1",
    "L5 IT ALM Tmem163 Dmrtb1",
    "L5 NP ALM Trhr Nefl",
    "L5 IT ALM Pld5",
    "L6 CT ALM Nxph2 Sla",
    "L5 IT ALM Tmem163 Arhgap25",
    "L5 IT ALM Tnc",
    "L5 IT ALM Gkn1 Pcdh19",
    "L5 IT ALM Cbln4 Fezf2",
    "Endo Cytl1",
    "L5 IT ALM Lypd1 Gpr88",
    "L5 PT ALM Npsr1",
    "L5 PT ALM Hpgd",
    "L5 PT ALM Slco2a1",
    "L5 PT VISp C1ql2 Cdh13",
    "L6 CT VISp Gpr139",
    "L5 PT VISp Krt80",
    "L6 IT VISp Penk Col27a1",
    "L6 CT VISp Ctxn3 Sla",
    "L2/3 IT VISp Adamts2",
    "L5 NP VISp Trhr Cpne7",
    "L5 IT VISp Col6a1 Fezf2",
    "CR Lhx5",
    "L6 CT VISp Ctxn3 Brinp3",
    "L2/3 IT VISp Rrad",
    "L6 IT VISp Penk Fst",
    "L6 IT VISp Col23a1 Adamts2",
    "L5 IT VISp Whrn Tox2",
    "L6 IT VISp Col18a1",
    "L5 IT VISp Col27a1",
    "L4 IT VISp Rspo1",
    "L6 CT VISp Krt80 Sla",
    "L5 IT VISp Batf3",
    "L5 IT VISp Hsd11b1 Endou",
    "L2/3 IT VISp Agmat",
    "L5 PT VISp C1ql2 Ptgfr",
    "L5 PT VISp Chrna6",
    "L5 NP VISp Trhr Met",
    "L6 IT VISp Car3",
    "L6 CT VISp Nxph2 Wls",
    "Astro Aqp4",
    "L5 PT VISp Lgr5"
  ],
  "geodesic_distance_matrix": [
    [
      0.0,
      4.575653076171875,
      0.7331022024154663,
      0.7136311531066895,
      0.4010031521320343,
      0.808940052986145,
      0.4556044638156891,
      1.8154821395874023,
      0.622294008731842,
      0.5459048748016357,
      2.600402593612671,
      0.42060720920562744,
      1.7311680316925049,
      0.2776563763618469,
      0.4329552948474884,
      0.29476064443588257,
      0.2526410222053528,
      4.531006813049316,
      0.5457774996757507,
      1.6256108283996582,
      1.6511890888214111,
      1.463366985321045,
      1.786012887954712,
      1.714828610420227,
      1.7788923978805542,
      0.8089307546615601,
      1.5010946989059448,
      0.9439682364463806,
      2.771749973297119,
      1.0980830192565918,
      3.82700777053833,
      1.5287160873413086,
      0.9965498447418213,
      1.0314123630523682,
      1.0464775562286377,
      1.2299004793167114,
      1.280071496963501,
      0.7544705271720886,
      0.9504135847091675,
      1.6934465169906616,
      1.303279161453247,
      0.8362793326377869,
      0.8414943218231201,
      1.7668342590332031,
      1.7797101736068726,
      2.71966552734375,
      1.5182242393493652,
      1.6992344856262207,
      4.774694919586182,
      1.7264087200164795
    ],
    [
      4.575653076171875,
      0.0,
      4.26194953918457,
      4.2672600746154785,
      4.810911655426025,
      4.219805717468262,
      4.2793498039245605,
      2.8377857208251953,
      4.043339729309082,
      5.082901477813721,
      2.061321496963501,
      4.731547832489014,
      2.900861978530884,
      4.678314685821533,
      5.12418794631958,
      4.520719051361084,
      4.768786430358887,
      0.4547777473926544,
      5.0002760887146,
      3.4057493209838867,
      3.418865203857422,
      3.532169818878174,
      3.08331298828125,
      2.8933565616607666,
      3.203425884246826,
      3.8036551475524902,
      3.1012706756591797,
      3.748770236968994,
      2.092118263244629,
      4.311610698699951,
      1.5213347673416138,
      3.1547136306762695,
      3.982996702194214,
      3.649575710296631,
      3.624325752258301,
      3.9625751972198486,
      3.566096782684326,
      4.4501447677612305,
      4.7291131019592285,
      2.9405384063720703,
      3.807725429534912,
      4.935949802398682,
      4.154236316680908,
      3.30369234085083,
      3.5202763080596924,
      1.964660882949829,
      3.6565749645233154,
      2.9003100395202637,
      2.932234764099121,
      3.2553489208221436
    ],
    [
      0.7331022024154663,
      4.26194953918457,
      0.0,
      0.23165304958820343,
      0.5799617171287537,
      0.10568822920322418,
      0.7690408825874329,
      1.6263339519500732,
      0.6508371233940125,
      0.957500696182251,
      2.4708569049835205,
      0.6343741416931152,
      1.5305894613265991,
      0.7658770084381104,
      0.8933442234992981,
      0.8371754288673401,
      0.6083883047103882,
      4.197849273681641,
      0.8217999339103699,
      1.1734408140182495,
      1.161107063293457,
      0.9328262209892273,
      1.2576040029525757,
      1.4905030727386475,
      1.138399600982666,
      0.639889121055603,
      1.3140666484832764,
      0.30001839995384216,
      2.272526502609253,
      0.6725723743438721,
      3.310563564300537,
      1.3799641132354736,
      0.359922856092453,
      0.7602956295013428,
      0.8030018210411072,
      0.8601177930831909,
      0.7473108768463135,
      0.5409095287322998,
      0.8481699228286743,
      1.4982417821884155,
      0.7933552861213684,
      1.0674306154251099,
      0.24973246455192566,
      1.30466628074646,
      1.4088081121444702,
      2.3711016178131104,
      1.1337034702301025,
      1.4782183170318604,
      4.253130912780762,
      1.3723779916763306
    ],
    [
      0.7136311531066895,
      4.2672600746154785,
      0.23165304958820343,
      0.0,
      0.6311127543449402,
      0.1836913824081421,
      0.7504977583885193,
      1.6083149909973145,
      0.5445340275764465,
      0.9454887509346008,
      2.211587905883789,
      0.6305789947509766,
      1.5131285190582275,
      0.744662344455719,
      0.8987963795661926,
      0.7376329302787781,
      0.6036806106567383,
      4.188669204711914,
      0.825087308883667,
      1.2147440910339355,
      1.2579059600830078,
      0.9695212841033936,
      1.2928853034973145,
      1.5192630290985107,
      1.2655398845672607,
      0.6288989782333374,
      1.2978835105895996,
      0.3227453827857971,
      2.3066561222076416,
      0.6576483249664307,
      3.342121124267578,
      1.3757967948913574,
      0.38680800795555115,
      0.742764949798584,
      0.7532089352607727,
      0.9190350770950317,
      0.7161524891853333,
      0.4303573966026306,
      0.8558919429779053,
      1.4596494436264038,
      0.8196713924407959,
      1.0423051118850708,
      0.28506696224212646,
      1.3133997917175293,
      1.4651618003845215,
      2.377697229385376,
      1.1811988353729248,
      1.4963164329528809,
      4.275332450866699,
      1.3065742254257202
    ],
    [
      0.4010031521320343,
      4.810911655426025,
      0.5799617171287537,
      0.6311127543449402,
      0.0,
      0.6571947932243347,
      0.6711161136627197,
      2.103801965713501,
      0.757430911064148,
      0.4177965521812439,
      2.8355493545532227,
      0.11977116763591766,
      2.042024850845337,
      0.3024352788925171,
      0.33372002840042114,
      0.5908408164978027,
      0.15284189581871033,
      4.737118721008301,
      0.2987247109413147,
      1.3927918672561646,
      1.4600005149841309,
      1.269727349281311,
      1.6583278179168701,
      2.007434129714966,
      1.54514741897583,
      1.1268234252929688,
      1.8085858821868896,
      0.7845989465713501,
      2.793703556060791,
      0.9339241981506348,
      3.456014633178711,
      1.8215943574905396,
      0.8459895849227905,
      1.2711012363433838,
      1.236782193183899,
      1.0016777515411377,
      1.2652318477630615,
      0.4857361316680908,
      0.6801581978797913,
      1.986629605293274,
      0.9819620847702026,
      0.5518140196800232,
      0.7211445569992065,
      1.5658334493637085,
      1.6317020654678345,
      2.9157721996307373,
      1.321029782295227,
      2.038877487182617,
      4.720613479614258,
      1.568907618522644
    ],
    [
      0.808940052986145,
      4.219805717468262,
      0.10568822920322418,
      0.1836913824081421,
      0.6571947932243347,
      0.0,
      0.8181561231613159,
      1.5755627155303955,
      0.570952296257019,
      1.036007046699524,
      2.1456847190856934,
      0.7308419942855835,
      1.5115031003952026,
      0.8308587074279785,
      0.9625867009162903,
      0.8143553733825684,
      0.7594262361526489,
      4.117354393005371,
      0.8995927572250366,
      0.9579616785049438,
      1.1561284065246582,
      1.1225223541259766,
      1.180225133895874,
      1.498414158821106,
      1.243337631225586,
      0.6511673331260681,
      1.261313557624817,
      0.20503580570220947,
      2.194556951522827,
      0.6185662746429443,
      3.227381706237793,
      1.3387951850891113,
      0.2985256612300873,
      0.7386013865470886,
      0.7929724454879761,
      0.8220102190971375,
      0.7280598878860474,
      0.4668499529361725,
      0.8756144046783447,
      1.4627747535705566,
      0.7505784034729004,
      1.1306604146957397,
      0.17398075759410858,
      1.251085877418518,
      1.3688435554504395,
      2.301326274871826,
      1.0991699695587158,
      1.4403793811798096,
      4.190334320068359,
      1.301400065422058
    ],
    [
      0.4556044638156891,
      4.2793498039245605,
      0.7690408825874329,
      0.7504977583885193,
      0.6711161136627197,
      0.8181561231613159,
      0.0,
      1.5272470712661743,
      0.3086763620376587,
      0.8229154944419861,
      2.3463315963745117,
      0.756994366645813,
      1.448099136352539,
      0.5416915416717529,
      0.8340413570404053,
      0.3078131079673767,
      0.6340200901031494,
      4.213790416717529,
      0.9144054651260376,
      1.7637712955474854,
      1.7060661315917969,
      1.5616579055786133,
      1.7907458543777466,
      1.445146083831787,
      1.7071276903152466,
      0.5402630567550659,
      1.2346327304840088,
      0.9398309588432312,
      2.4909701347351074,
      1.2464221715927124,
      3.5971882343292236,
      1.2183845043182373,
      0.890328049659729,
      0.7991800904273987,
      0.8031641244888306,
      1.5674985647201538,
      0.9990837574005127,
      0.9639180898666382,
      1.284421682357788,
      1.3942058086395264,
      1.4578760862350464,
      1.2163753509521484,
      0.8956637978553772,
      1.8090896606445312,
      1.982032060623169,
      2.4784750938415527,
      1.7283650636672974,
      1.434070110321045,
      5.009674072265625,
      1.8384406566619873
    ],
    [
      1.8154821395874023,
      2.8377857208251953,
      1.6263339519500732,
      1.6083149909973145,
      2.103801965713501,
      1.5755627155303955,
      1.5272470712661743,
      0.0,
      1.2763656377792358,
      2.2482082843780518,
      0.9459129571914673,
      2.1262807846069336,
      0.20217689871788025,
      1.9455336332321167,
      2.3651010990142822,
      1.8104205131530762,
      2.0866971015930176,
      2.8199734687805176,
      2.3195455074310303,
      1.6467795372009277,
      1.5782076120376587,
      1.4977238178253174,
      1.5560309886932373,
      0.27270352840423584,
      1.546515941619873,
      1.0742846727371216,
      0.36005282402038574,
      1.5042152404785156,
      1.0546364784240723,
      1.9039188623428345,
      2.32692813873291,
      0.36259347200393677,
      1.4164838790893555,
      1.0055309534072876,
      0.9188480973243713,
      1.9394985437393188,
      0.9716123342514038,
      1.9380149841308594,
      2.3080344200134277,
      0.3183137774467468,
      1.8612926006317139,
      2.561241388320923,
      1.6002330780029297,
      1.6306090354919434,
      1.8878867626190186,
      1.0566742420196533,
      2.1048169136047363,
      0.2907845675945282,
      4.463010311126709,
      1.6723538637161255
    ],
    [
      0.622294008731842,
      4.043339729309082,
      0.6508371233940125,
      0.5445340275764465,
      0.757430911064148,
      0.570952296257019,
      0.3086763620376587,
      1.2763656377792358,
      0.0,
      0.9992384910583496,
      2.107950210571289,
      0.8054164052009583,
      1.2125639915466309,
      0.7040156126022339,
      0.9557100534439087,
      0.5287309885025024,
      0.7296292781829834,
      3.9603826999664307,
      1.000090479850769,
      1.5901849269866943,
      1.5729328393936157,
      1.388339638710022,
      1.5134425163269043,
      1.2053472995758057,
      1.4712563753128052,
      0.2818273901939392,
      0.9652281999588013,
      0.6430259943008423,
      2.1952223777770996,
      1.1069011688232422,
      3.311422824859619,
      0.9829931259155273,
      0.6525712609291077,
      0.5189946889877319,
      0.5385251045227051,
      1.338366985321045,
      0.7097089290618896,
      0.8878340125083923,
      1.420983076095581,
      1.1315151453018188,
      1.245937466621399,
      1.2803239822387695,
      0.7114749550819397,
      1.691681146621704,
      1.8834034204483032,
      2.267186164855957,
      1.620114803314209,
      1.1803412437438965,
      4.619894981384277,
      1.6955251693725586
    ],
    [
      0.5459048748016357,
      5.082901477813721,
      0.957500696182251,
      0.9454887509346008,
      0.4177965521812439,
      1.036007046699524,
      0.8229154944419861,
      2.2482082843780518,
      0.9992384910583496,
      0.0,
      3.209512233734131,
      0.5053029656410217,
      2.183182716369629,
      0.3521031141281128,
      0.1656198352575302,
      0.6129266619682312,
      0.3691244125366211,
      5.023427963256836,
      0.42882004380226135,
      1.7715399265289307,
      1.8220760822296143,
      1.7425503730773926,
      2.0436620712280273,
      2.161634683609009,
      1.9838147163391113,
      1.2375497817993164,
      1.917382836341858,
      1.18399178981781,
      3.1840076446533203,
      1.273756980895996,
      3.7050576210021973,
      1.9712424278259277,
      1.2412817478179932,
      1.5922541618347168,
      1.6761565208435059,
      1.4422156810760498,
      1.634094476699829,
      0.8687081336975098,
      0.9365720748901367,
      2.2416985034942627,
      1.319038987159729,
      0.6721581220626831,
      1.0705217123031616,
      1.9247547388076782,
      2.0036911964416504,
      3.2587709426879883,
      1.6900575160980225,
      2.2358384132385254,
      5.210564136505127,
      1.9296964406967163
    ],
    [
      2.600402593612671,
      2.061321496963501,
      2.4708569049835205,
      2.211587905883789,
      2.8355493545532227,
      2.1456847190856934,
      2.3463315963745117,
      0.9459129571914673,
      2.107950210571289,
      3.209512233734131,
      0.0,
      2.70676589012146,
      0.9696686267852783,
      2.866363048553467,
      3.0850021839141846,
      2.5721609592437744,
      2.7819080352783203,
      2.0517780780792236,
      3.1187524795532227,
      1.7861411571502686,
      1.6399133205413818,
      1.591814398765564,
      1.428356647491455,
      0.9330096244812012,
      1.4933815002441406,
      1.9216439723968506,
      1.175159215927124,
      2.043335437774658,
      0.24338465929031372,
      2.4422616958618164,
      1.5220115184783936,
      1.2549569606781006,
      1.9407169818878174,
      1.7365617752075195,
      1.6533575057983398,
      2.0875792503356934,
      1.5380122661590576,
      2.3988423347473145,
      2.9238626956939697,
      0.9929481744766235,
      2.319033622741699,
      3.0477471351623535,
      2.1558854579925537,
      1.6717028617858887,
      1.8787920475006104,
      0.25125253200531006,
      1.8248088359832764,
      0.9567410945892334,
      3.4550423622131348,
      1.6820878982543945
    ],
    [
      0.42060720920562744,
      4.731547832489014,
      0.6343741416931152,
      0.6305789947509766,
      0.11977116763591766,
      0.7308419942855835,
      0.756994366645813,
      2.1262807846069336,
      0.8054164052009583,
      0.5053029656410217,
      2.70676589012146,
      0.0,
      2.0648553371429443,
      0.3916846215724945,
      0.38200703263282776,
      0.6336117386817932,
      0.2536560297012329,
      4.651627540588379,
      0.3387790024280548,
      1.3351036310195923,
      1.3450037240982056,
      1.2811084985733032,
      1.585089087486267,
      2.0204763412475586,
      1.5451432466506958,
      1.1396245956420898,
      1.8160760402679443,
      0.7856850624084473,
      2.744048595428467,
      0.7820010185241699,
      3.1135759353637695,
      1.8265275955200195,
      0.8441458344459534,
      1.239018440246582,
      1.2826768159866333,
      0.9668248295783997,
      1.1833895444869995,
      0.43699026107788086,
      0.5481187105178833,
      2.003133773803711,
      0.8923728466033936,
      0.5964133739471436,
      0.7267572283744812,
      1.549604892730713,
      1.523941993713379,
      2.8453001976013184,
      1.2790827751159668,
      2.0037693977355957,
      4.7135539054870605,
      1.5659477710723877
    ],
    [
      1.7311680316925049,
      2.900861978530884,
      1.5305894613265991,
      1.5131285190582275,
      2.042024850845337,
      1.5115031003952026,
      1.448099136352539,
      0.20217689871788025,
      1.2125639915466309,
      2.183182716369629,
      0.9696686267852783,
      2.0648553371429443,
      0.0,
      1.8592435121536255,
      2.2899656295776367,
      1.6881146430969238,
      2.0078296661376953,
      2.8518991470336914,
      2.242586135864258,
      1.5802230834960938,
      1.5360616445541382,
      1.4109681844711304,
      1.5488781929016113,
      0.20982325077056885,
      1.5400996208190918,
      1.0169997215270996,
      0.25783097743988037,
      1.4123399257659912,
      1.2210172414779663,
      1.8789432048797607,
      2.4586141109466553,
      0.2936423420906067,
      1.3450398445129395,
      0.9137222766876221,
      0.8393076658248901,
      1.8981670141220093,
      0.9649747610092163,
      1.881492018699646,
      2.271937131881714,
      0.2687452733516693,
      1.852351427078247,
      2.4382731914520264,
      1.5097737312316895,
      1.6451735496520996,
      1.8180639743804932,
      1.054247260093689,
      2.083573818206787,
      0.2152220606803894,
      4.386978626251221,
      1.5772638320922852
    ],
    [
      0.2776563763618469,
      4.678314685821533,
      0.7658770084381104,
      0.744662344455719,
      0.3024352788925171,
      0.8308587074279785,
      0.5416915416717529,
      1.9455336332321167,
      0.7040156126022339,
      0.3521031141281128,
      2.866363048553467,
      0.3916846215724945,
      1.8592435121536255,
      0.0,
      0.332902729511261,
      0.38329017162323,
      0.20484185218811035,
      4.7566704750061035,
      0.44544827938079834,
      1.559990644454956,
      1.6726316213607788,
      1.6252036094665527,
      1.8062825202941895,
      1.8459806442260742,
      1.8412114381790161,
      0.9412426948547363,
      1.624010443687439,
      0.9945799708366394,
      2.902954578399658,
      0.9613348245620728,
      3.6492652893066406,
      1.6625032424926758,
      1.0487251281738281,
      1.358190894126892,
      1.3397479057312012,
      1.2204840183258057,
      1.3948198556900024,
      0.7600998282432556,
      0.9754208922386169,
      1.8113911151885986,
      1.196926236152649,
      0.7293334007263184,
      0.8669314980506897,
      1.7292102575302124,
      1.8690052032470703,
      2.9711155891418457,
      1.5247137546539307,
      1.8230869770050049,
      4.85098934173584,
      1.743939995765686
    ],
    [
      0.4329552948474884,
      5.12418794631958,
      0.8933442234992981,
      0.8987963795661926,
      0.33372002840042114,
      0.9625867009162903,
      0.8340413570404053,
      2.3651010990142822,
      0.9557100534439087,
      0.1656198352575302,
      3.0850021839141846,
      0.38200703263282776,
      2.2899656295776367,
      0.332902729511261,
      0.0,
      0.5970462560653687,
      0.31926777958869934,
      5.043562889099121,
      0.2630874812602997,
      1.6993474960327148,
      1.756308674812317,
      1.6269997358322144,
      1.9194087982177734,
      2.2916276454925537,
      1.8995674848556519,
      1.1982409954071045,
      2.0619187355041504,
      1.0772993564605713,
      3.124913215637207,
      1.1649247407913208,
      3.6393511295318604,
      1.9624137878417969,
      1.135818600654602,
      1.5210816860198975,
      1.5845402479171753,
      1.2894287109375,
      1.5413212776184082,
      0.7575926184654236,
      0.8605952262878418,
      2.0834455490112305,
      1.1971908807754517,
      0.5339773893356323,
      0.9904590249061584,
      1.8412333726882935,
      1.9409217834472656,
      3.2047433853149414,
      1.5206046104431152,
      2.299713134765625,
      5.333963871002197,
      1.841256856918335
    ],
    [
      0.29476064443588257,
      4.520719051361084,
      0.8371754288673401,
      0.7376329302787781,
      0.5908408164978027,
      0.8143553733825684,
      0.3078131079673767,
      1.8104205131530762,
      0.5287309885025024,
      0.6129266619682312,
      2.5721609592437744,
      0.6336117386817932,
      1.6881146430969238,
      0.38329017162323,
      0.5970462560653687,
      0.0,
      0.5397657752037048,
      4.443783760070801,
      0.6965470314025879,
      1.6785626411437988,
      1.745887279510498,
      1.585139513015747,
      1.8753437995910645,
      1.6728436946868896,
      1.8339042663574219,
      0.7753292322158813,
      1.4601194858551025,
      0.9632797241210938,
      2.6511759757995605,
      1.1920195817947388,
      3.7618613243103027,
      1.469597339630127,
      1.0398180484771729,
      1.026938557624817,
      1.0394806861877441,
      1.4678094387054443,
      1.2023366689682007,
      0.9073134660720825,
      1.1988290548324585,
      1.6544348001480103,
      1.3245023488998413,
      1.0594232082366943,
      0.9129326939582825,
      1.8468214273452759,
      1.9379470348358154,
      2.7004706859588623,
      1.7882449626922607,
      1.6635546684265137,
      4.880686283111572,
      1.837228775024414
    ],
    [
      0.2526410222053528,
      4.768786430358887,
      0.6083883047103882,
      0.6036806106567383,
      0.15284189581871033,
      0.7594262361526489,
      0.6340200901031494,
      2.0866971015930176,
      0.7296292781829834,
      0.3691244125366211,
      2.7819080352783203,
      0.2536560297012329,
      2.0078296661376953,
      0.20484185218811035,
      0.31926777958869934,
      0.5397657752037048,
      0.0,
      4.771498203277588,
      0.2975790798664093,
      1.3463095426559448,
      1.53468656539917,
      1.3705885410308838,
      1.636167049407959,
      2.037313938140869,
      1.6859595775604248,
      1.1257359981536865,
      1.7792052030563354,
      0.828928530216217,
      2.839968681335449,
      1.0075883865356445,
      3.676177740097046,
      1.816699743270874,
      0.8922091126441956,
      1.2207319736480713,
      1.2680556774139404,
      1.0533417463302612,
      1.2839528322219849,
      0.5527275204658508,
      0.7813543081283569,
      2.026794195175171,
      1.0202052593231201,
      0.5839930176734924,
      0.7514702677726746,
      1.5965423583984375,
      1.767167329788208,
      2.9328725337982178,
      1.4568997621536255,
      2.017603874206543,
      4.709790229797363,
      1.7173341512680054
    ],
    [
      4.531006813049316,
      0.4547777473926544,
      4.197849273681641,
      4.188669204711914,
      4.737118721008301,
      4.117354393005371,
      4.213790416717529,
      2.8199734687805176,
      3.9603826999664307,
      5.023427963256836,
      2.0517780780792236,
      4.651627540588379,
      2.8518991470336914,
      4.7566704750061035,
      5.043562889099121,
      4.443783760070801,
      4.771498203277588,
      0.0,
      4.793358325958252,
      3.3255605697631836,
      3.3478031158447266,
      3.614715814590454,
      3.069420099258423,
      2.85135555267334,
      3.139885425567627,
      3.7504725456237793,
      3.0353989601135254,
      3.959108352661133,
      2.034811019897461,
      4.226865291595459,
      1.381971836090088,
      3.0914533138275146,
      3.930779457092285,
      3.5948235988616943,
      3.596975803375244,
      3.9795665740966797,
      3.48036789894104,
      4.355088710784912,
      4.585687637329102,
      2.8289341926574707,
      3.7876710891723633,
      4.707491397857666,
      4.060104846954346,
      3.2218806743621826,
      3.3935065269470215,
      1.9314011335372925,
      3.6567938327789307,
      2.8679845333099365,
      2.764230728149414,
      3.1803736686706543
    ],
    [
      0.5457774996757507,
      5.0002760887146,
      0.8217999339103699,
      0.825087308883667,
      0.2987247109413147,
      0.8995927572250366,
      0.9144054651260376,
      2.3195455074310303,
      1.000090479850769,
      0.42882004380226135,
      3.1187524795532227,
      0.3387790024280548,
      2.242586135864258,
      0.44544827938079834,
      0.2630874812602997,
      0.6965470314025879,
      0.2975790798664093,
      4.793358325958252,
      0.0,
      1.503446340560913,
      1.554229497909546,
      1.440202236175537,
      1.72454833984375,
      2.2419509887695312,
      1.6940959692001343,
      1.3597278594970703,
      2.0137624740600586,
      0.9799283742904663,
      2.9644973278045654,
      0.8519601225852966,
      3.3769779205322266,
      2.0717227458953857,
      1.0532145500183105,
      1.4547479152679443,
      1.5203821659088135,
      1.0915554761886597,
      1.4522807598114014,
      0.635566234588623,
      0.5765080451965332,
      2.1999387741088867,
      1.002457618713379,
      0.41054558753967285,
      0.9152693152427673,
      1.6390938758850098,
      1.726080298423767,
      3.034701108932495,
      1.327375888824463,
      2.276948928833008,
      5.008277416229248,
      1.6577266454696655
    ],
    [
      1.6256108283996582,
      3.4057493209838867,
      1.1734408140182495,
      1.2147440910339355,
      1.3927918672561646,
      0.9579616785049438,
      1.7637712955474854,
      1.6467795372009277,
      1.5901849269866943,
      1.7715399265289307,
      1.7861411571502686,
      1.3351036310195923,
      1.5802230834960938,
      1.559990644454956,
      1.6993474960327148,
      1.6785626411437988,
      1.3463095426559448,
      3.3255605697631836,
      1.503446340560913,
      0.0,
      0.2891668975353241,
      0.4216914176940918,
      0.3713182806968689,
      1.5021542310714722,
      0.33141806721687317,
      1.3645446300506592,
      1.6395564079284668,
      1.0402708053588867,
      1.6424853801727295,
      0.6127163171768188,
      2.2649037837982178,
      1.7699655294418335,
      1.0904899835586548,
      1.14750075340271,
      1.274007797241211,
      0.6565821170806885,
      1.0703901052474976,
      0.8885143995285034,
      1.0999945402145386,
      1.4433863162994385,
      0.556242048740387,
      1.4029077291488647,
      1.008713960647583,
      0.31247782707214355,
      0.5613713264465332,
      1.6922601461410522,
      0.5279664397239685,
      1.5126690864562988,
      3.725687265396118,
      0.325933039188385
    ],
    [
      1.6511890888214111,
      3.418865203857422,
      1.161107063293457,
      1.2579059600830078,
      1.4600005149841309,
      1.1561284065246582,
      1.7060661315917969,
      1.5782076120376587,
      1.5729328393936157,
      1.8220760822296143,
      1.6399133205413818,
      1.3450037240982056,
      1.5360616445541382,
      1.6726316213607788,
      1.756308674812317,
      1.745887279510498,
      1.53468656539917,
      3.3478031158447266,
      1.554229497909546,
      0.2891668975353241,
      0.0,
      0.29239603877067566,
      0.2654244601726532,
      1.4256647825241089,
      0.2339678704738617,
      1.369460105895996,
      1.6320044994354248,
      1.0059757232666016,
      1.5928781032562256,
      0.8424620628356934,
      1.9614179134368896,
      1.5518511533737183,
      0.9619090557098389,
      1.1090450286865234,
      1.2303712368011475,
      0.771589994430542,
      0.9835646152496338,
      0.9750900864601135,
      1.1897438764572144,
      1.3672645092010498,
      0.7797889709472656,
      1.4967422485351562,
      1.1334800720214844,
      0.25478917360305786,
      0.5113977193832397,
      1.6606600284576416,
      0.5284481644630432,
      1.415499210357666,
      3.4522571563720703,
      0.32094642519950867
    ],
    [
      1.463366985321045,
      3.532169818878174,
      0.9328262209892273,
      0.9695212841033936,
      1.269727349281311,
      1.1225223541259766,
      1.5616579055786133,
      1.4977238178253174,
      1.388339638710022,
      1.7425503730773926,
      1.591814398765564,
      1.2811084985733032,
      1.4109681844711304,
      1.6252036094665527,
      1.6269997358322144,
      1.585139513015747,
      1.3705885410308838,
      3.614715814590454,
      1.440202236175537,
      0.4216914176940918,
      0.29239603877067566,
      0.0,
      0.42237389087677,
      1.411919355392456,
      0.38291433453559875,
      1.1892775297164917,
      1.574970006942749,
      0.9972795248031616,
      1.5436279773712158,
      0.5729503035545349,
      2.05092453956604,
      1.5826765298843384,
      0.9774456024169922,
      0.9990893602371216,
      1.1102042198181152,
      0.6013627052307129,
      0.9095476865768433,
      0.806178629398346,
      1.096921682357788,
      1.3641254901885986,
      0.6187722086906433,
      1.3646851778030396,
      0.8051842451095581,
      0.36565619707107544,
      0.6281329393386841,
      1.7518513202667236,
      0.662525475025177,
      1.371802568435669,
      3.491973638534546,
      0.4482764005661011
    ],
    [
      1.786012887954712,
      3.08331298828125,
      1.2576040029525757,
      1.2928853034973145,
      1.6583278179168701,
      1.180225133895874,
      1.7907458543777466,
      1.5560309886932373,
      1.5134425163269043,
      2.0436620712280273,
      1.428356647491455,
      1.585089087486267,
      1.5488781929016113,
      1.8062825202941895,
      1.9194087982177734,
      1.8753437995910645,
      1.636167049407959,
      3.069420099258423,
      1.72454833984375,
      0.3713182806968689,
      0.2654244601726532,
      0.42237389087677,
      0.0,
      1.5115450620651245,
      0.255862295627594,
      1.326120376586914,
      1.4008866548538208,
      1.0172114372253418,
      1.464404582977295,
      0.8950847387313843,
      2.0733742713928223,
      1.5754148960113525,
      1.038895606994629,
      1.1574691534042358,
      1.2154889106750488,
      0.8475536108016968,
      0.9764894843101501,
      1.1550251245498657,
      1.3915431499481201,
      1.4050102233886719,
      0.7829579710960388,
      1.7132781744003296,
      1.0457477569580078,
      0.31137382984161377,
      0.5555789470672607,
      1.3959540128707886,
      0.6197284460067749,
      1.4224579334259033,
      3.1766111850738525,
      0.29724863171577454
    ],
    [
      1.714828610420227,
      2.8933565616607666,
      1.4905030727386475,
      1.5192630290985107,
      2.007434129714966,
      1.498414158821106,
      1.445146083831787,
      0.27270352840423584,
      1.2053472995758057,
      2.161634683609009,
      0.9330096244812012,
      2.0204763412475586,
      0.20982325077056885,
      1.8459806442260742,
      2.2916276454925537,
      1.6728436946868896,
      2.037313938140869,
      2.85135555267334,
      2.2419509887695312,
      1.5021542310714722,
      1.4256647825241089,
      1.411919355392456,
      1.5115450620651245,
      0.0,
      1.4203581809997559,
      1.0116126537322998,
      0.271039217710495,
      1.3476866483688354,
      1.1022617816925049,
      1.7509994506835938,
      2.3781559467315674,
      0.30426228046417236,
      1.339292287826538,
      0.9916318655014038,
      0.8100075721740723,
      1.8623037338256836,
      0.8869143128395081,
      1.8600043058395386,
      2.2380285263061523,
      0.19389909505844116,
      1.786362886428833,
      2.480301856994629,
      1.506746530532837,
      1.4885025024414062,
      1.7541673183441162,
      1.0750492811203003,
      2.0146241188049316,
      0.016458779573440552,
      4.152701377868652,
      1.5071930885314941
    ],
    [
      1.7788923978805542,
      3.203425884246826,
      1.138399600982666,
      1.2655398845672607,
      1.54514741897583,
      1.243337631225586,
      1.7071276903152466,
      1.546515941619873,
      1.4712563753128052,
      1.9838147163391113,
      1.4933815002441406,
      1.5451432466506958,
      1.5400996208190918,
      1.8412114381790161,
      1.8995674848556519,
      1.8339042663574219,
      1.6859595775604248,
      3.139885425567627,
      1.6940959692001343,
      0.33141806721687317,
      0.2339678704738617,
      0.38291433453559875,
      0.255862295627594,
      1.4203581809997559,
      0.0,
      1.2908878326416016,
      1.5184340476989746,
      1.1196236610412598,
      1.4080933332443237,
      0.8864551782608032,
      1.9042260646820068,
      1.5199193954467773,
      1.0060607194900513,
      1.1114426851272583,
      1.1812188625335693,
      0.8522837162017822,
      1.0476384162902832,
      1.1464011669158936,
      1.376551628112793,
      1.3037102222442627,
      0.7725207805633545,
      1.7067699432373047,
      1.1927452087402344,
      0.2661552429199219,
      0.5247488021850586,
      1.4591618776321411,
      0.5995531678199768,
      1.4658639430999756,
      3.2122983932495117,
      0.33075907826423645
    ],
    [
      0.8089307546615601,
      3.8036551475524902,
      0.639889121055603,
      0.6288989782333374,
      1.1268234252929688,
      0.6511673331260681,
      0.5402630567550659,
      1.0742846727371216,
      0.2818273901939392,
      1.2375497817993164,
      1.9216439723968506,
      1.1396245956420898,
      1.0169997215270996,
      0.9412426948547363,
      1.1982409954071045,
      0.7753292322158813,
      1.1257359981536865,
      3.7504725456237793,
      1.3597278594970703,
      1.3645446300506592,
      1.369460105895996,
      1.1892775297164917,
      1.326120376586914,
      1.0116126537322998,
      1.2908878326416016,
      0.0,
      0.7661729454994202,
      0.6715371608734131,
      2.015455722808838,
      1.2457789182662964,
      3.135087728500366,
      0.7844233512878418,
      0.6352221369743347,
      0.3387094736099243,
      0.3245370090007782,
      1.4104104042053223,
      0.4948135018348694,
      1.076225757598877,
      1.4698638916015625,
      0.9823974967002869,
      1.3294212818145752,
      1.588235855102539,
      0.8276286125183105,
      1.4248816967010498,
      1.6333494186401367,
      2.0281076431274414,
      1.6977547407150269,
      0.9852861762046814,
      4.440871715545654,
      1.4462542533874512
    ],
    [
      1.5010946989059448,
      3.1012706756591797,
      1.3140666484832764,
      1.2978835105895996,
      1.8085858821868896,
      1.261313557624817,
      1.2346327304840088,
      0.36005282402038574,
      0.9652281999588013,
      1.917382836341858,
      1.175159215927124,
      1.8160760402679443,
      0.25783097743988037,
      1.624010443687439,
      2.0619187355041504,
      1.4601194858551025,
      1.7792052030563354,
      3.0353989601135254,
      2.0137624740600586,
      1.6395564079284668,
      1.6320044994354248,
      1.574970006942749,
      1.4008866548538208,
      0.271039217710495,
      1.5184340476989746,
      0.7661729454994202,
      0.0,
      1.2028896808624268,
      1.4112117290496826,
      1.6820130348205566,
      2.6018550395965576,
      0.15752767026424408,
      1.1526658535003662,
      0.8097995519638062,
      0.8264617323875427,
      1.7631686925888062,
      0.805291473865509,
      1.641188383102417,
      2.04705810546875,
      0.2331286519765854,
      1.78160560131073,
      2.214376926422119,
      1.2969295978546143,
      1.5584943294525146,
      1.7385680675506592,
      1.2443721294403076,
      1.9670515060424805,
      0.2375907599925995,
      4.2832841873168945,
      1.5727936029434204
    ],
    [
      0.9439682364463806,
      3.748770236968994,
      0.30001839995384216,
      0.3227453827857971,
      0.7845989465713501,
      0.20503580570220947,
      0.9398309588432312,
      1.5042152404785156,
      0.6430259943008423,
      1.18399178981781,
      2.043335437774658,
      0.7856850624084473,
      1.4123399257659912,
      0.9945799708366394,
      1.0772993564605713,
      0.9632797241210938,
      0.828928530216217,
      3.959108352661133,
      0.9799283742904663,
      1.0402708053588867,
      1.0059757232666016,
      0.9972795248031616,
      1.0172114372253418,
      1.3476866483688354,
      1.1196236610412598,
      0.6715371608734131,
      1.2028896808624268,
      0.0,
      2.0439329147338867,
      0.604494571685791,
      2.928300619125366,
      1.27289879322052,
      0.2664619982242584,
      0.6291031241416931,
      0.7032850980758667,
      0.733420193195343,
      0.5672535300254822,
      0.4715486168861389,
      0.929011344909668,
      1.3685332536697388,
      0.6563156843185425,
      1.1321840286254883,
      0.1347871720790863,
      1.161475419998169,
      1.2497248649597168,
      2.1456336975097656,
      1.0210050344467163,
      1.3753763437271118,
      4.055904865264893,
      1.2047075033187866
    ],
    [
      2.771749973297119,
      2.092118263244629,
      2.272526502609253,
      2.3066561222076416,
      2.793703556060791,
      2.194556951522827,
      2.4909701347351074,
      1.0546364784240723,
      2.1952223777770996,
      3.1840076446533203,
      0.24338465929031372,
      2.744048595428467,
      1.2210172414779663,
      2.902954578399658,
      3.124913215637207,
      2.6511759757995605,
      2.839968681335449,
      2.034811019897461,
      2.9644973278045654,
      1.6424853801727295,
      1.5928781032562256,
      1.5436279773712158,
      1.464404582977295,
      1.1022617816925049,
      1.4080933332443237,
      2.015455722808838,
      1.4112117290496826,
      2.0439329147338867,
      0.0,
      2.3040993213653564,
      1.4294159412384033,
      1.4531196355819702,
      1.973043441772461,
      1.7816272974014282,
      1.7795164585113525,
      1.8531849384307861,
      1.6426540613174438,
      2.3897111415863037,
      2.7547709941864014,
      1.22456693649292,
      1.9461228847503662,
      2.954026699066162,
      1.8435834646224976,
      1.2900991439819336,
      1.6902738809585571,
      0.17029398679733276,
      1.7288472652435303,
      1.1136093139648438,
      2.99599027633667,
      1.5307695865631104
    ],
    [
      1.0980830192565918,
      4.311610698699951,
      0.6725723743438721,
      0.6576483249664307,
      0.9339241981506348,
      0.6185662746429443,
      1.2464221715927124,
      1.9039188623428345,
      1.1069011688232422,
      1.273756980895996,
      2.4422616958618164,
      0.7820010185241699,
      1.8789432048797607,
      0.9613348245620728,
      1.1649247407913208,
      1.1920195817947388,
      1.0075883865356445,
      4.226865291595459,
      0.8519601225852966,
      0.6127163171768188,
      0.8424620628356934,
      0.5729503035545349,
      0.8950847387313843,
      1.7509994506835938,
      0.8864551782608032,
      1.2457789182662964,
      1.6820130348205566,
      0.604494571685791,
      2.3040993213653564,
      0.0,
      2.548321485519409,
      1.7750141620635986,
      0.6359192132949829,
      1.1004149913787842,
      1.1378178596496582,
      0.305042028427124,
      0.9288835525512695,
      0.4143912196159363,
      0.5380401015281677,
      1.7055753469467163,
      0.20090128481388092,
      0.855263352394104,
      0.600063681602478,
      0.8574771285057068,
      0.9509249925613403,
      2.391997814178467,
      0.5836370587348938,
      1.819795846939087,
      3.997485637664795,
      0.8740357756614685
    ],
    [
      3.82700777053833,
      1.5213347673416138,
