{
  "rerun": 0,
  "num_decoders": 4,
  "cluster_ids": [
    "L5 IT ALM Cpa6 Gpr88",
    "Endo Ctla2a",
    "L2/3 IT ALM Macc1 Lrg1",
    "L2/3 IT ALM Ptrf",
    "L5 IT ALM Npw",
    "L2/3 IT ALM Sla",
    "L6 IT ALM Tgfb1",
    "L6 CT ALM Cpa6",
    "L6 IT ALM Oprk1",
    "L5 IT ALM Tmem163 Dmrtb1",
    "L5 NP ALM Trhr Nefl",
    "L5 IT ALM Pld5",
    "L6 CT ALM Nxph2 Sla",
    "L5 IT ALM Tmem163 Arhgap25",
    "L5 IT ALM Tnc",
    "L5 IT ALM Gkn1 Pcdh19",
    "L5 IT ALM Cbln4 Fezf2",
    "Endo Cytl1",
    "L5 IT ALM Lypd1 Gpr88",
    "L5 PT ALM Npsr1",
    "L5 PT ALM Hpgd",
    "L5 PT ALM Slco2a1",
    "L5 PT VISp C1ql2 Cdh13",
    "L6 CT VISp Gpr139",
    "L5 PT VISp Krt80",
    "L6 IT VISp Penk Col27a1",
    "L6 CT VISp Ctxn3 Sla",
    "L2/3 IT VISp Adamts2",
    "L5 NP VISp Trhr Cpne7",
    "L5 IT VISp Col6a1 Fezf2",
    "CR Lhx5",
    "L6 CT VISp Ctxn3 Brinp3",
    "L2/3 IT VISp Rrad",
    "L6 IT VISp Penk Fst",
    "L6 IT VISp Col23a1 Adamts2",
    "L5 IT VISp Whrn Tox2",
    "L6 IT VISp Col18a1",
    "L5 IT VISp Col27a1",
    "L4 IT VISp Rspo1",
    "L6 CT VISp Krt80 Sla",
    "L5 IT VISp Batf3",
    "L5 IT VISp Hsd11b1 Endou",
    "L2/3 IT VISp Agmat",
    "L5 PT VISp C1ql2 Ptgfr",
    "L5 PT VISp Chrna6",
    "L5 NP VISp Trhr Met",
    "L6 IT VISp Car3",
    "L6 CT VISp Nxph2 Wls",
    "Astro Aqp4",
    "L5 PT VISp Lgr5"
  ],
  "geodesic_distance_matrix": [
    [
      0.0,
      0.6324020624160767,
      0.10049746185541153,
      0.1295396089553833,
      0.07396403700113297,
      0.11955000460147858,
      0.039932675659656525,
      0.21866007149219513,
      0.058599311858415604,
      0.11206095665693283,
      0.31977736949920654,
      0.06950633227825165,
      0.21450142562389374,
      0.10753096640110016,
      0.07962439209222794,
      0.0414280965924263,
      0.11918141692876816,
      0.620911717414856,
      0.07654639333486557,
      0.2150081843137741,
      0.20782692730426788,
      0.21850059926509857,
      0.18116937577724457,
      0.22412140667438507,
      0.19768933951854706,
      0.1113073006272316,
      0.18980883061885834,
      0.12348877638578415,
      0.2882440984249115,
      0.09342710673809052,
      0.4535316526889801,
      0.23118411004543304,
      0.13880407810211182,
      0.12232561409473419,
      0.12799189984798431,
      0.1026851162314415,
      0.1483602672815323,
      0.08332975208759308,
      0.14812235534191132,
      0.19492097198963165,
      0.08354195207357407,
      0.13421858847141266,
      0.10347850620746613,
      0.2020728439092636,
      0.1817319691181183,
      0.32771316170692444,
      0.1556665450334549,
      0.2136332094669342,
      0.5309371948242188,
      0.2092747986316681
    ],
    [
      0.6324020624160767,
      0.0,
      0.5572008490562439,
      0.5674112439155579,
      0.6086458563804626,
      0.5148453712463379,
      0.648026704788208,
      0.543411910533905,
      0.6118667721748352,
      0.648906409740448,
      0.5766238570213318,
      0.610625684261322,
      0.5386315584182739,
      0.6532504558563232,
      0.569419264793396,
      0.661885678768158,
      0.666530966758728,
      0.036235760897397995,
      0.6551214456558228,
      0.5549980401992798,
      0.5780801773071289,
      0.5114071369171143,
      0.48116859793663025,
      0.5382606387138367,
      0.4773525893688202,
      0.5937660336494446,
      0.5873405933380127,
      0.580457866191864,
      0.5880548357963562,
      0.6524817943572998,
      0.19929681718349457,
      0.5699471831321716,
      0.6025393009185791,
      0.5969217419624329,
      0.6068730354309082,
      0.6286928057670593,
      0.6044166684150696,
      0.6159796714782715,
      0.5783523917198181,
      0.5380175709724426,
      0.6007615923881531,
      0.593176007270813,
      0.6207988262176514,
      0.5135971903800964,
      0.5205928683280945,
      0.7242980599403381,
      0.5933253169059753,
      0.6173511743545532,
      0.3847994804382324,
      0.4786927402019501
    ],
    [
      0.10049746185541153,
      0.5572008490562439,
      0.0,
      0.025159940123558044,
      0.12026812881231308,
      0.02011025883257389,
      0.12076325714588165,
      0.18987713754177094,
      0.11955783516168594,
      0.13775204122066498,
      0.3080931603908539,
      0.12845811247825623,
      0.16816222667694092,
      0.1274658739566803,
      0.12020032852888107,
      0.11802063137292862,
      0.1320316046476364,
      0.5398820042610168,
      0.1327144056558609,
      0.1439521461725235,
      0.11784058064222336,
      0.13170237839221954,
      0.10621001571416855,
      0.1678166687488556,
      0.11915373802185059,
      0.06662194430828094,
      0.16096101701259613,
      0.027348006144165993,
      0.24386723339557648,
      0.06745988875627518,
      0.41369757056236267,
      0.20491290092468262,
      0.04261865094304085,
      0.08737301081418991,
      0.09652791172266006,
      0.12314911186695099,
      0.13704238831996918,
      0.052482929080724716,
      0.1332063376903534,
      0.17692729830741882,
      0.1366700530052185,
      0.14539964497089386,
      0.03132719174027443,
      0.1126287505030632,
      0.09244643896818161,
      0.2650546431541443,
      0.07697544246912003,
      0.1968543380498886,
      0.42319703102111816,
      0.12788057327270508
    ],
    [
      0.1295396089553833,
      0.5674112439155579,
      0.025159940123558044,
      0.0,
      0.08620713651180267,
      0.0259803868830204,
      0.08856458961963654,
      0.19273202121257782,
      0.13156044483184814,
      0.12645456194877625,
      0.24070940911769867,
      0.09328004717826843,
      0.18779021501541138,
      0.12645657360553741,
      0.11252129077911377,
      0.12339282035827637,
      0.12438874691724777,
      0.5684900283813477,
      0.10326118767261505,
      0.12482830137014389,
      0.11578454077243805,
      0.12972857058048248,
      0.1255224496126175,
      0.19085243344306946,
      0.12291514128446579,
      0.10422258824110031,
      0.15733827650547028,
      0.03819550201296806,
      0.321116179227829,
      0.06326591223478317,
      0.4015882909297943,
      0.21050675213336945,
      0.05445181205868721,
      0.09927352517843246,
      0.09971640259027481,
      0.11795830726623535,
      0.14685118198394775,
      0.061746906489133835,
      0.13119149208068848,
      0.18863090872764587,
      0.12999500334262848,
      0.10828693956136703,
      0.027287272736430168,
      0.11515092104673386,
      0.08839648962020874,
      0.2569238841533661,
      0.09076027572154999,
      0.1932283192873001,
      0.42095255851745605,
      0.11865546554327011
    ],
    [
      0.07396403700113297,
      0.6086458563804626,
      0.12026812881231308,
      0.08620713651180267,
      0.0,
      0.11052437126636505,
      0.09013516455888748,
      0.25149860978126526,
      0.10651510953903198,
      0.06145273521542549,
      0.3461216986179352,
      0.027966206893324852,
      0.2349807322025299,
      0.05011912062764168,
      0.03992784395813942,
      0.075629323720932,
      0.02684064209461212,
      0.6489788889884949,
      0.03187490627169609,
      0.17331759631633759,
      0.20564480125904083,
      0.21319420635700226,
      0.1788858026266098,
      0.27515649795532227,
      0.20633558928966522,
      0.14741186797618866,
      0.25262513756752014,
      0.1209237203001976,
      0.2885585129261017,
      0.10483819246292114,
      0.5013903379440308,
      0.2658289968967438,
      0.17757365107536316,
      0.16739118099212646,
      0.17481909692287445,
      0.0840161070227623,
      0.16499465703964233,
      0.08027305454015732,
      0.12073910236358643,
      0.2404158115386963,
      0.06567295640707016,
      0.10969088226556778,
      0.0981251671910286,
      0.17718200385570526,
      0.18388478457927704,
      0.29113027453422546,
      0.13965383172035217,
      0.28017035126686096,
      0.5473819375038147,
      0.19728539884090424
    ],
    [
      0.11955000460147858,
      0.5148453712463379,
      0.02011025883257389,
      0.0259803868830204,
      0.11052437126636505,
      0.0,
      0.125374436378479,
      0.18465209007263184,
      0.11630749702453613,
      0.14088952541351318,
      0.30382490158081055,
      0.10487282276153564,
      0.184566929936409,
      0.12850597500801086,
      0.14375239610671997,
      0.12333064526319504,
      0.133355975151062,
      0.6011459827423096,
      0.1322888284921646,
      0.1405472308397293,
      0.13063569366931915,
      0.15905830264091492,
      0.10589250177145004,
      0.18606920540332794,
      0.1190955638885498,
      0.08029834926128387,
      0.17076487839221954,
      0.029342055320739746,
      0.300322562456131,
      0.07357081025838852,
      0.48075976967811584,
      0.20357249677181244,
      0.04132131487131119,
      0.0767979770898819,
      0.09160812199115753,
      0.12395133078098297,
      0.11774430423974991,
      0.06696503609418869,
      0.12133084982633591,
      0.18173567950725555,
      0.11281570047140121,
      0.17520509660243988,
      0.0276616420596838,
      0.11040264368057251,
      0.0932372659444809,
      0.2762365937232971,
      0.08428312838077545,
      0.18663984537124634,
      0.4344179630279541,
      0.10148356109857559
    ],
    [
      0.039932675659656525,
      0.648026704788208,
      0.12076325714588165,
      0.08856458961963654,
      0.09013516455888748,
      0.125374436378479,
      0.0,
      0.20809422433376312,
      0.030954336747527122,
      0.13605019450187683,
      0.3225996494293213,
      0.11461644619703293,
      0.18995057046413422,
      0.11057974398136139,
      0.11796970665454865,
      0.03922384977340698,
      0.09951354563236237,
      0.6513109803199768,
      0.1216563954949379,
      0.20676104724407196,
      0.20048514008522034,
      0.19486792385578156,
      0.17458656430244446,
      0.19292066991329193,
      0.18994824588298798,
      0.12262337654829025,
      0.17419664561748505,
      0.10171621292829514,
      0.2940101623535156,
      0.10931511223316193,
      0.485642671585083,
      0.22545437514781952,
      0.11372651159763336,
      0.10932358354330063,
      0.10936538130044937,
      0.13494239747524261,
      0.13646401464939117,
      0.1561090499162674,
      0.17212027311325073,
      0.18085074424743652,
      0.11494926363229752,
      0.15133853256702423,
      0.12015433609485626,
      0.19591200351715088,
      0.1915963888168335,
      0.31116849184036255,
      0.14673259854316711,
      0.191492959856987,
      0.5266315340995789,
      0.18069855868816376
    ],
    [
      0.21866007149219513,
      0.543411910533905,
      0.18987713754177094,
      0.19273202121257782,
      0.25149860978126526,
      0.18465209007263184,
      0.20809422433376312,
      0.0,
      0.1578417271375656,
      0.28651943802833557,
      0.18883715569972992,
      0.26830339431762695,
      0.03610171005129814,
      0.28398892283439636,
      0.27736786007881165,
      0.22436180710792542,
      0.26977548003196716,
      0.6061815023422241,
      0.2619193494319916,
      0.16446144878864288,
      0.1533190906047821,
      0.13624721765518188,
      0.12685252726078033,
      0.02461092732846737,
      0.11446110159158707,
      0.1406298726797104,
      0.03447363153100014,
      0.19215801358222961,
      0.1447880119085312,
      0.24234192073345184,
      0.3973071575164795,
      0.05183215066790581,
      0.1724090576171875,
      0.14721079170703888,
      0.09165307879447937,
      0.276326984167099,
      0.16799907386302948,
      0.22660604119300842,
      0.2666042745113373,
      0.033736784011125565,
      0.27811962366104126,
      0.32254812121391296,
      0.17685244977474213,
      0.14851228892803192,
      0.16988901793956757,
      0.15682624280452728,
      0.2237422913312912,
      0.028701795265078545,
      0.3650456368923187,
      0.1476857215166092
    ],
    [
      0.058599311858415604,
      0.6118667721748352,
      0.11955783516168594,
      0.13156044483184814,
      0.10651510953903198,
      0.11630749702453613,
      0.030954336747527122,
      0.1578417271375656,
      0.0,
      0.1404772251844406,
      0.26893267035484314,
      0.1145329475402832,
      0.16734415292739868,
      0.1383488029241562,
      0.12797203660011292,
      0.0541234128177166,
      0.11393966525793076,
      0.5940679907798767,
      0.13933198153972626,
      0.22917573153972626,
      0.17450746893882751,
      0.18230299651622772,
      0.14475883543491364,
      0.17067308723926544,
      0.15961265563964844,
      0.06428998708724976,
      0.14847750961780548,
      0.12273798137903214,
      0.2801753282546997,
      0.1795484870672226,
      0.44489002227783203,
      0.1609988510608673,
      0.1510772556066513,
      0.07066984474658966,
      0.08272732049226761,
      0.15568704903125763,
      0.10621746629476547,
      0.09815128892660141,
      0.18807543814182281,
      0.16730423271656036,
      0.22314491868019104,
      0.19398491084575653,
      0.13367462158203125,
      0.17186544835567474,
      0.16574595868587494,
      0.26083609461784363,
      0.11825288832187653,
      0.17413663864135742,
      0.4512035846710205,
      0.17497263848781586
    ],
    [
      0.11206095665693283,
      0.648906409740448,
      0.13775204122066498,
      0.12645456194877625,
      0.06145273521542549,
      0.14088952541351318,
      0.13605019450187683,
      0.28651943802833557,
      0.1404772251844406,
      0.0,
      0.34003716707229614,
      0.07752252370119095,
      0.28101664781570435,
      0.058014869689941406,
      0.030033160001039505,
      0.12868638336658478,
      0.059344228357076645,
      0.5992447137832642,
      0.045127663761377335,
      0.22148136794567108,
      0.21417751908302307,
      0.22852014005184174,
      0.21413901448249817,
      0.2670280933380127,
      0.25598976016044617,
      0.16563108563423157,
      0.27619192004203796,
      0.1541537493467331,
      0.3086836040019989,
      0.11290375143289566,
      0.49526092410087585,
      0.2910025417804718,
      0.1600998044013977,
      0.19953902065753937,
      0.22318914532661438,
      0.05446622520685196,
      0.2076195329427719,
      0.11710178852081299,
      0.13862766325473785,
      0.28587549924850464,
      0.08631733804941177,
      0.08822210878133774,
      0.14057761430740356,
      0.20640265941619873,
      0.22200827300548553,
      0.3432462811470032,
      0.1583726555109024,
      0.27267685532569885,
      0.592025101184845,
      0.2129707634449005
    ],
    [
      0.31977736949920654,
      0.5766238570213318,
      0.3080931603908539,
      0.24070940911769867,
      0.3461216986179352,
      0.30382490158081055,
      0.3225996494293213,
      0.18883715569972992,
      0.26893267035484314,
      0.34003716707229614,
      0.0,
      0.30634328722953796,
      0.1748359352350235,
      0.28734490275382996,
      0.33264803886413574,
      0.3379655182361603,
      0.37019261717796326,
      0.591307520866394,
      0.34737250208854675,
      0.1769482046365738,
      0.14247603714466095,
      0.14008812606334686,
      0.14494182169437408,
      0.18009892106056213,
      0.1550428718328476,
      0.29132598638534546,
      0.18399304151535034,
      0.26347535848617554,
      0.02645810879766941,
      0.30628451704978943,
      0.43100985884666443,
      0.19242210686206818,
      0.2869802713394165,
      0.29339587688446045,
      0.2373311072587967,
      0.2969371974468231,
      0.2501777112483978,
      0.280192106962204,
      0.3034079074859619,
      0.16880272328853607,
      0.28820228576660156,
      0.28927165269851685,
      0.32008227705955505,
      0.14352090656757355,
      0.16377602517604828,
      0.0212140791118145,
      0.20604555308818817,
      0.1815079301595688,
      0.22980670630931854,
      0.15316103398799896
    ],
    [
      0.06950633227825165,
      0.610625684261322,
      0.12845811247825623,
      0.09328004717826843,
      0.027966206893324852,
      0.10487282276153564,
      0.11461644619703293,
      0.26830339431762695,
      0.1145329475402832,
      0.07752252370119095,
      0.30634328722953796,
      0.0,
      0.22930805385112762,
      0.09001954644918442,
      0.05119210109114647,
      0.0868842601776123,
      0.04566805437207222,
      0.6138968467712402,
      0.047958578914403915,
      0.19928552210330963,
      0.1725870668888092,
      0.16939705610275269,
      0.21689759194850922,
      0.2617343068122864,
      0.19546659290790558,
      0.17351846396923065,
      0.2375175505876541,
      0.1242661252617836,
      0.35715264081954956,
      0.07154761254787445,
      0.45925846695899963,
      0.26208439469337463,
      0.1258939951658249,
      0.17792584002017975,
      0.16467130184173584,
      0.0544075146317482,
      0.23588769137859344,
      0.05205782130360603,
      0.10311106592416763,
      0.23662404716014862,
      0.06161904335021973,
      0.07402756065130234,
      0.10706967115402222,
      0.17868368327617645,
      0.169282004237175,
      0.30836567282676697,
      0.1343694031238556,
      0.24520723521709442,
      0.5367798209190369,
      0.1710374355316162
    ],
    [
      0.21450142562389374,
      0.5386315584182739,
      0.16816222667694092,
      0.18779021501541138,
      0.2349807322025299,
      0.184566929936409,
      0.18995057046413422,
      0.03610171005129814,
      0.16734415292739868,
      0.28101664781570435,
      0.1748359352350235,
      0.22930805385112762,
      0.0,
      0.2771667540073395,
      0.27538514137268066,
      0.21904706954956055,
      0.2657281458377838,
      0.516511857509613,
      0.2765084207057953,
      0.15168496966362,
      0.13732361793518066,
      0.12280801683664322,
      0.1172127053141594,
      0.027018392458558083,
      0.1137358769774437,
      0.13432975113391876,
      0.026439642533659935,
      0.167432501912117,
      0.13424237072467804,
      0.22790475189685822,
      0.40166816115379333,
      0.045514628291130066,
      0.20335912704467773,
      0.1370086520910263,
      0.09318559616804123,
      0.2675783336162567,
      0.16557833552360535,
      0.20632699131965637,
      0.2552339732646942,
      0.004976531025022268,
      0.2570744454860687,
      0.28423506021499634,
      0.1872992068529129,
      0.12694668769836426,
      0.15298090875148773,
      0.1644597351551056,
      0.2314702570438385,
      0.008044686168432236,
      0.3569888770580292,
      0.14346598088741302
    ],
    [
      0.10753096640110016,
      0.6532504558563232,
      0.1274658739566803,
      0.12645657360553741,
      0.05011912062764168,
      0.12850597500801086,
      0.11057974398136139,
      0.28398892283439636,
      0.1383488029241562,
      0.058014869689941406,
      0.28734490275382996,
      0.09001954644918442,
      0.2771667540073395,
      0.0,
      0.05167771503329277,
      0.12538067996501923,
      0.06965100765228271,
      0.6016467213630676,
      0.06297951936721802,
      0.2157457321882248,
      0.1967468112707138,
      0.19379226863384247,
      0.16428491473197937,
      0.29043588042259216,
      0.17896781861782074,
      0.22944138944149017,
      0.2556690573692322,
      0.13992348313331604,
      0.3748939335346222,
      0.08222018927335739,
      0.5607019662857056,
      0.3244284987449646,
      0.14055176079273224,
      0.1812661737203598,
      0.20412440598011017,
      0.04698153957724571,
      0.1994636356830597,
      0.0790335163474083,
      0.07986097037792206,
      0.2735616862773895,
      0.037127986550331116,
      0.05971667915582657,
      0.13125793635845184,
      0.18556220829486847,
      0.18462471663951874,
      0.2965569794178009,
      0.1401180773973465,
      0.2696691155433655,
      0.553145170211792,
      0.1630246490240097
    ],
    [
      0.07962439209222794,
      0.569419264793396,
      0.12020032852888107,
      0.11252129077911377,
      0.03992784395813942,
      0.14375239610671997,
      0.11796970665454865,
      0.27736786007881165,
      0.12797203660011292,
      0.030033160001039505,
      0.33264803886413574,
      0.05119210109114647,
      0.27538514137268066,
      0.05167771503329277,
      0.0,
      0.11892080307006836,
      0.03877980634570122,
      0.5767003297805786,
      0.05704891309142113,
      0.2465260773897171,
      0.25329264998435974,
      0.23223622143268585,
      0.19978807866573334,
      0.2805372178554535,
      0.20723186433315277,
      0.15389010310173035,
      0.28027859330177307,
      0.13983581960201263,
      0.3061395287513733,
      0.087485671043396,
      0.45263931155204773,
      0.24848608672618866,
      0.13829828798770905,
      0.18626391887664795,
      0.21412061154842377,
      0.06443201005458832,
      0.17133456468582153,
      0.09518121182918549,
      0.139058455824852,
      0.261040598154068,
      0.08398931473493576,
      0.07769372314214706,
      0.133955180644989,
      0.19669492542743683,
      0.18511082231998444,
      0.32311686873435974,
      0.17747820913791656,
      0.26547378301620483,
      0.5369220972061157,
      0.19244177639484406
    ],
    [
      0.0414280965924263,
      0.661885678768158,
      0.11802063137292862,
      0.12339282035827637,
      0.075629323720932,
      0.12333064526319504,
      0.03922384977340698,
      0.22436180710792542,
      0.0541234128177166,
      0.12868638336658478,
      0.3379655182361603,
      0.0868842601776123,
      0.21904706954956055,
      0.12538067996501923,
      0.11892080307006836,
      0.0,
      0.11690031737089157,
      0.5694752931594849,
      0.13740435242652893,
      0.21266184747219086,
      0.20920248329639435,
      0.22613273561000824,
      0.1951306313276291,
      0.2180979698896408,
      0.20413096249103546,
      0.10394000262022018,
      0.18548893928527832,
      0.12946265935897827,
      0.31901809573173523,
      0.12498922646045685,
      0.494404137134552,
      0.20779705047607422,
      0.136361762881279,
      0.12149973213672638,
      0.12637661397457123,
      0.12400775402784348,
      0.14394503831863403,
      0.12529398500919342,
      0.1743459552526474,
      0.21520057320594788,
      0.12269458919763565,
      0.1397942155599594,
      0.1320113241672516,
      0.19591562449932098,
      0.19522948563098907,
      0.3353556990623474,
      0.19013451039791107,
      0.21277347207069397,
      0.481440931558609,
      0.2067965716123581
    ],
    [
      0.11918141692876816,
      0.666530966758728,
      0.1320316046476364,
      0.12438874691724777,
      0.02684064209461212,
      0.133355975151062,
      0.09951354563236237,
      0.26977548003196716,
      0.11393966525793076,
      0.059344228357076645,
      0.37019261717796326,
      0.04566805437207222,
      0.2657281458377838,
      0.06965100765228271,
      0.03877980634570122,
      0.11690031737089157,
      0.0,
      0.5685501098632812,
      0.060086335986852646,
      0.18245135247707367,
      0.18789365887641907,
      0.20689964294433594,
      0.2145838737487793,
      0.289029985666275,
      0.23476572334766388,
      0.21466003358364105,
      0.2303626984357834,
      0.1654038280248642,
      0.332023561000824,
      0.07879884541034698,
      0.5828256607055664,
      0.2742741107940674,
      0.15240462124347687,
      0.1741253137588501,
      0.1814795732498169,
      0.04728073999285698,
      0.18139444291591644,
      0.05595267936587334,
      0.10283360630273819,
      0.24340279400348663,
      0.06681951880455017,
      0.0751219317317009,
      0.1293012797832489,
      0.20921634137630463,
      0.2052096426486969,
      0.3136035203933716,
      0.1501031368970871,
      0.25758597254753113,
      0.568947434425354,
      0.16208207607269287
    ],
    [
      0.620911717414856,
      0.036235760897397995,
      0.5398820042610168,
      0.5684900283813477,
      0.6489788889884949,
      0.6011459827423096,
      0.6513109803199768,
      0.6061815023422241,
      0.5940679907798767,
      0.5992447137832642,
      0.591307520866394,
      0.6138968467712402,
      0.516511857509613,
      0.6016467213630676,
      0.5767003297805786,
      0.5694752931594849,
      0.5685501098632812,
      0.0,
      0.6272743940353394,
      0.5567836761474609,
      0.5010177493095398,
      0.5176507234573364,
      0.48449093103408813,
      0.5220078229904175,
      0.4627068042755127,
      0.5477985739707947,
      0.5686765909194946,
      0.5661671757698059,
      0.49956604838371277,
      0.6548028588294983,
      0.19086091220378876,
      0.6335272192955017,
      0.5499638915061951,
      0.5640226602554321,
      0.592326819896698,
      0.5985488295555115,
      0.5917145609855652,
      0.6553673148155212,
      0.5851578116416931,
      0.5892616510391235,
      0.5406504273414612,
      0.5810403227806091,
      0.5267192721366882,
      0.5069865584373474,
      0.4727628231048584,
      0.5027959942817688,
      0.5469565391540527,
      0.6108007431030273,
      0.3939014971256256,
      0.4641934931278229
    ],
    [
      0.07654639333486557,
      0.6551214456558228,
      0.1327144056558609,
      0.10326118767261505,
      0.03187490627169609,
      0.1322888284921646,
      0.1216563954949379,
      0.2619193494319916,
      0.13933198153972626,
      0.045127663761377335,
      0.34737250208854675,
      0.047958578914403915,
      0.2765084207057953,
      0.06297951936721802,
      0.05704891309142113,
      0.13740435242652893,
      0.060086335986852646,
      0.6272743940353394,
      0.0,
      0.21552658081054688,
      0.21939592063426971,
      0.2439856082201004,
      0.1857553869485855,
      0.28599095344543457,
      0.22575290501117706,
      0.1725248545408249,
      0.2840989828109741,
      0.13211722671985626,
      0.3427170217037201,
      0.14195619523525238,
      0.467255562543869,
      0.29982832074165344,
      0.1875668615102768,
      0.22792580723762512,
      0.19352243840694427,
      0.0801338478922844,
      0.2425120323896408,
      0.08994574844837189,
      0.11505085229873657,
      0.2621760070323944,
      0.07545367628335953,
      0.096420519053936,
      0.1550680547952652,
      0.1707848310470581,
      0.26246222853660583,
      0.33002588152885437,
      0.16040459275245667,
      0.2607227861881256,
      0.5412153601646423,
      0.22344398498535156
    ],
    [
      0.2150081843137741,
      0.5549980401992798,
      0.1439521461725235,
      0.12482830137014389,
      0.17331759631633759,
      0.1405472308397293,
      0.20676104724407196,
      0.16446144878864288,
      0.22917573153972626,
      0.22148136794567108,
      0.1769482046365738,
      0.19928552210330963,
      0.15168496966362,
      0.2157457321882248,
      0.2465260773897171,
      0.21266184747219086,
      0.18245135247707367,
      0.5567836761474609,
      0.21552658081054688,
      0.0,
      0.040531545877456665,
      0.03636955842375755,
      0.03652302548289299,
      0.13921919465065002,
      0.048961736261844635,
      0.147048681974411,
      0.1768503338098526,
      0.16054944694042206,
      0.1710413247346878,
      0.18051591515541077,
      0.3651217818260193,
      0.1598212718963623,
      0.09923068434000015,
      0.14334696531295776,
      0.17080526053905487,
      0.24167416989803314,
      0.20052459836006165,
      0.15902118384838104,
      0.16604062914848328,
      0.13674794137477875,
      0.2519235610961914,
      0.23663799464702606,
      0.11961666494607925,
      0.030718816444277763,
      0.05701679736375809,
      0.16265571117401123,
      0.08789650350809097,
      0.1371157020330429,
      0.5354806184768677,
      0.032592467963695526
    ],
    [
      0.20782692730426788,
      0.5780801773071289,
      0.11784058064222336,
      0.11578454077243805,
      0.20564480125904083,
      0.13063569366931915,
      0.20048514008522034,
      0.1533190906047821,
      0.17450746893882751,
      0.21417751908302307,
      0.14247603714466095,
      0.1725870668888092,
      0.13732361793518066,
      0.1967468112707138,
      0.25329264998435974,
      0.20920248329639435,
      0.18789365887641907,
      0.5010177493095398,
      0.21939592063426971,
      0.040531545877456665,
      0.0,
      0.05502944067120552,
      0.024487681686878204,
      0.13352122902870178,
      0.03182751685380936,
      0.14038358628749847,
      0.13722778856754303,
      0.1268116682767868,
      0.1604723036289215,
      0.17909526824951172,
      0.36952880024909973,
      0.15563276410102844,
      0.0848386362195015,
      0.16829665005207062,
      0.16890768706798553,
      0.25180289149284363,
      0.09337722510099411,
      0.15890547633171082,
      0.18044188618659973,
      0.1293211728334427,
      0.200619176030159,
      0.1963743418455124,
      0.12931229174137115,
      0.020933283492922783,
      0.04884922504425049,
      0.17252762615680695,
      0.07609956711530685,
      0.12804606556892395,
      0.3661363422870636,
      0.018956823274493217
    ],
    [
      0.21850059926509857,
      0.5114071369171143,
      0.13170237839221954,
      0.12972857058048248,
      0.21319420635700226,
      0.15905830264091492,
      0.19486792385578156,
      0.13624721765518188,
      0.18230299651622772,
      0.22852014005184174,
      0.14008812606334686,
      0.16939705610275269,
      0.12280801683664322,
      0.19379226863384247,
      0.23223622143268585,
      0.22613273561000824,
      0.20689964294433594,
      0.5176507234573364,
      0.2439856082201004,
      0.03636955842375755,
      0.05502944067120552,
      0.0,
      0.05584975704550743,
      0.13239745795726776,
      0.049858152866363525,
      0.14587025344371796,
      0.13459469377994537,
      0.1627594530582428,
      0.1687929332256317,
      0.19256269931793213,
      0.3641261160373688,
      0.14901874959468842,
      0.09566137939691544,
      0.17356282472610474,
      0.1746043860912323,
      0.25495973229408264,
      0.10792652517557144,
      0.1763119250535965,
      0.17311064898967743,
      0.13090966641902924,
      0.20915623009204865,
      0.20927099883556366,
      0.15317122638225555,
      0.029284680262207985,
      0.051768284291028976,
      0.16566598415374756,
      0.10048989206552505,
      0.12790022790431976,
      0.3224756419658661,
      0.03463577851653099
    ],
    [
      0.18116937577724457,
      0.48116859793663025,
      0.10621001571416855,
      0.1255224496126175,
      0.1788858026266098,
      0.10589250177145004,
      0.17458656430244446,
      0.12685252726078033,
      0.14475883543491364,
      0.21413901448249817,
      0.14494182169437408,
      0.21689759194850922,
      0.1172127053141594,
      0.16428491473197937,
      0.19978807866573334,
      0.1951306313276291,
      0.2145838737487793,
      0.48449093103408813,
      0.1857553869485855,
      0.03652302548289299,
      0.024487681686878204,
      0.05584975704550743,
      0.0,
      0.12434659153223038,
      0.036218106746673584,
      0.12000145763158798,
      0.18736810982227325,
      0.10734409093856812,
      0.15914584696292877,
      0.16115829348564148,
      0.3956548869609833,
      0.23047645390033722,
      0.08310221135616302,
      0.09935738891363144,
      0.15015561878681183,
      0.16131572425365448,
      0.16782036423683167,
      0.14189475774765015,
      0.13844254612922668,
      0.12413501739501953,
      0.2113766223192215,
      0.1722247451543808,
      0.10350223630666733,
      0.02321341075003147,
      0.045491691678762436,
      0.1503676474094391,
      0.07332145422697067,
      0.1285189539194107,
      0.3613937497138977,
      0.026585811749100685
    ],
    [
      0.22412140667438507,
      0.5382606387138367,
      0.1678166687488556,
      0.19085243344306946,
      0.27515649795532227,
      0.18606920540332794,
      0.19292066991329193,
      0.02461092732846737,
      0.17067308723926544,
      0.2670280933380127,
      0.18009892106056213,
      0.2617343068122864,
      0.027018392458558083,
      0.29043588042259216,
      0.2805372178554535,
      0.2180979698896408,
      0.289029985666275,
      0.5220078229904175,
      0.28599095344543457,
      0.13921919465065002,
      0.13352122902870178,
      0.13239745795726776,
      0.12434659153223038,
      0.0,
      0.11157067865133286,
      0.14639051258563995,
      0.03346502408385277,
      0.19782622158527374,
      0.1485886126756668,
      0.24467971920967102,
      0.4014846384525299,
      0.05465077981352806,
      0.1933518946170807,
      0.13998182117938995,
      0.10298550128936768,
      0.3021189868450165,
      0.16130749881267548,
      0.23493123054504395,
      0.26784005761146545,
      0.032388217747211456,
      0.27198609709739685,
      0.29302680492401123,
      0.190243199467659,
      0.13393476605415344,
      0.16399867832660675,
      0.15822720527648926,
      0.23770368099212646,
      0.0263180173933506,
      0.37986913323402405,
      0.15343312919139862
    ],
    [
      0.19768933951854706,
      0.4773525893688202,
      0.11915373802185059,
      0.12291514128446579,
      0.20633558928966522,
      0.1190955638885498,
      0.18994824588298798,
      0.11446110159158707,
      0.15961265563964844,
      0.25598976016044617,
      0.1550428718328476,
      0.19546659290790558,
      0.1137358769774437,
      0.17896781861782074,
      0.20723186433315277,
      0.20413096249103546,
      0.23476572334766388,
      0.4627068042755127,
      0.22575290501117706,
      0.048961736261844635,
      0.03182751685380936,
      0.049858152866363525,
      0.036218106746673584,
      0.11157067865133286,
      0.0,
      0.12349643558263779,
      0.12532034516334534,
      0.224382683634758,
      0.16136443614959717,
      0.187486931681633,
      0.4156569540500641,
      0.14114263653755188,
      0.15117204189300537,
      0.14569734036922455,
      0.1477920264005661,
      0.2137308418750763,
      0.14895343780517578,
      0.17822249233722687,
      0.18881171941757202,
      0.11331897228956223,
      0.16521619260311127,
      0.18671829998493195,
      0.14094668626785278,
      0.02581183984875679,
      0.04579813405871391,
      0.16970281302928925,
      0.08927210420370102,
      0.11148815602064133,
      0.337202250957489,
      0.03869686648249626
    ],
    [
      0.1113073006272316,
      0.5937660336494446,
      0.06662194430828094,
      0.10422258824110031,
      0.14741186797618866,
      0.08029834926128387,
      0.12262337654829025,
      0.1406298726797104,
      0.06428998708724976,
      0.16563108563423157,
      0.29132598638534546,
      0.17351846396923065,
      0.13432975113391876,
      0.22944138944149017,
      0.15389010310173035,
      0.10394000262022018,
      0.21466003358364105,
      0.5477985739707947,
      0.1725248545408249,
      0.147048681974411,
      0.14038358628749847,
      0.14587025344371796,
      0.12000145763158798,
      0.14639051258563995,
      0.12349643558263779,
      0.0,
      0.1139448881149292,
      0.09026771038770676,
      0.25911298394203186,
      0.1408158391714096,
      0.4773818552494049,
      0.16165734827518463,
      0.10016707330942154,
      0.04385041818022728,
      0.05006057769060135,
      0.1796293705701828,
      0.06887582689523697,
      0.12632402777671814,
      0.1650153398513794,
      0.14087386429309845,
      0.16306748986244202,
      0.17725065350532532,
      0.09672627598047256,
      0.13288263976573944,
      0.12864001095294952,
      0.27225902676582336,
      0.13271941244602203,
      0.13796721398830414,
      0.47723016142845154,
      0.1315905898809433
    ],
    [
      0.18980883061885834,
      0.5873405933380127,
      0.16096101701259613,
      0.15733827650547028,
      0.25262513756752014,
      0.17076487839221954,
      0.17419664561748505,
      0.03447363153100014,
      0.14847750961780548,
      0.27619192004203796,
      0.18399304151535034,
      0.2375175505876541,
      0.026439642533659935,
      0.2556690573692322,
      0.28027859330177307,
      0.18548893928527832,
      0.2303626984357834,
      0.5686765909194946,
      0.2840989828109741,
      0.1768503338098526,
      0.13722778856754303,
      0.13459469377994537,
      0.18736810982227325,
      0.03346502408385277,
      0.12532034516334534,
      0.1139448881149292,
      0.0,
      0.17665402591228485,
      0.15145480632781982,
      0.19150607287883759,
      0.4118228852748871,
      0.05657104402780533,
      0.1663886457681656,
      0.11582233011722565,
      0.11603002995252609,
      0.26930949091911316,
      0.09809833019971848,
      0.21872590482234955,
      0.25208935141563416,
      0.02629375457763672,
      0.23404069244861603,
      0.2680802345275879,
      0.17898403108119965,
      0.14922071993350983,
      0.24409770965576172,
      0.16354915499687195,
      0.20799890160560608,
      0.025725308805704117,
      0.3503088653087616,
      0.24349795281887054
    ],
    [
      0.12348877638578415,
      0.580457866191864,
      0.027348006144165993,
      0.03819550201296806,
      0.1209237203001976,
      0.029342055320739746,
      0.10171621292829514,
      0.19215801358222961,
      0.12273798137903214,
      0.1541537493467331,
      0.26347535848617554,
      0.1242661252617836,
      0.167432501912117,
      0.13992348313331604,
      0.13983581960201263,
      0.12946265935897827,
      0.1654038280248642,
      0.5661671757698059,
      0.13211722671985626,
      0.16054944694042206,
      0.1268116682767868,
      0.1627594530582428,
      0.10734409093856812,
      0.19782622158527374,
      0.224382683634758,
      0.09026771038770676,
      0.17665402591228485,
      0.0,
      0.26927420496940613,
      0.07861586660146713,
      0.4657459259033203,
      0.2196851223707199,
      0.052161991596221924,
      0.07220311462879181,
      0.10036354511976242,
      0.201666459441185,
      0.1413206309080124,
      0.06105433776974678,
      0.1143791601061821,
      0.1891196072101593,
      0.10832446813583374,
      0.12099605053663254,
      0.0345638245344162,
      0.11931941658258438,
      0.11673545837402344,
      0.31844592094421387,
      0.08315515518188477,
      0.18962030112743378,
      0.45778027176856995,
      0.12848536670207977
    ],
    [
      0.2882440984249115,
      0.5880548357963562,
      0.24386723339557648,
      0.321116179227829,
      0.2885585129261017,
      0.300322562456131,
      0.2940101623535156,
      0.1447880119085312,
      0.2801753282546997,
      0.3086836040019989,
      0.02645810879766941,
      0.35715264081954956,
      0.13424237072467804,
      0.3748939335346222,
      0.3061395287513733,
      0.31901809573173523,
      0.332023561000824,
      0.49956604838371277,
      0.3427170217037201,
      0.1710413247346878,
      0.1604723036289215,
      0.1687929332256317,
      0.15914584696292877,
      0.1485886126756668,
      0.16136443614959717,
      0.25911298394203186,
      0.15145480632781982,
      0.26927420496940613,
      0.0,
      0.2761291563510895,
      0.4505790174007416,
      0.1632102131843567,
      0.20260362327098846,
      0.2582710087299347,
      0.21619050204753876,
      0.3187168538570404,
      0.2806894779205322,
      0.2873481214046478,
      0.3197665810585022,
      0.14782865345478058,
      0.2842276990413666,
      0.3097827732563019,
      0.26865237951278687,
      0.16197937726974487,
      0.16635100543498993,
      0.03149459883570671,
      0.2057136595249176,
      0.14571140706539154,
      0.2543428838253021,
      0.1633295714855194
    ],
    [
      0.09342710673809052,
      0.6524817943572998,
