{
  "rerun": 2,
  "num_decoders": 6,
  "cluster_ids": [
    "L5 IT ALM Cpa6 Gpr88",
    "Endo Ctla2a",
    "L2/3 IT ALM Macc1 Lrg1",
    "L2/3 IT ALM Ptrf",
    "L5 IT ALM Npw",
    "L2/3 IT ALM Sla",
    "L6 IT ALM Tgfb1",
    "L6 CT ALM Cpa6",
    "L6 IT ALM Oprk1",
    "L5 IT ALM Tmem163 Dmrtb1",
    "L5 NP ALM Trhr Nefl",
    "L5 IT ALM Pld5",
    "L6 CT ALM Nxph2 Sla",
    "L5 IT ALM Tmem163 Arhgap25",
    "L5 IT ALM Tnc",
    "L5 IT ALM Gkn1 Pcdh19",
    "L5 IT ALM Cbln4 Fezf2",
    "Endo Cytl1",
    "L5 IT ALM Lypd1 Gpr88",
    "L5 PT ALM Npsr1",
    "L5 PT ALM Hpgd",
    "L5 PT ALM Slco2a1",
    "L5 PT VISp C1ql2 Cdh13",
    "L6 CT VISp Gpr139",
    "L5 PT VISp Krt80",
    "L6 IT VISp Penk Col27a1",
    "L6 CT VISp Ctxn3 Sla",
    "L2/3 IT VISp Adamts2",
    "L5 NP VISp Trhr Cpne7",
    "L5 IT VISp Col6a1 Fezf2",
    "CR Lhx5",
    "L6 CT VISp Ctxn3 Brinp3",
    "L2/3 IT VISp Rrad",
    "L6 IT VISp Penk Fst",
    "L6 IT VISp Col23a1 Adamts2",
    "L5 IT VISp Whrn Tox2",
    "L6 IT VISp Col18a1",
    "L5 IT VISp Col27a1",
    "L4 IT VISp Rspo1",
    "L6 CT VISp Krt80 Sla",
    "L5 IT VISp Batf3",
    "L5 IT VISp Hsd11b1 Endou",
    "L2/3 IT VISp Agmat",
    "L5 PT VISp C1ql2 Ptgfr",
    "L5 PT VISp Chrna6",
    "L5 NP VISp Trhr Met",
    "L6 IT VISp Car3",
    "L6 CT VISp Nxph2 Wls",
    "Astro Aqp4",
    "L5 PT VISp Lgr5"
  ],
  "geodesic_distance_matrix": [
    [
      0.0,
      3.7022030353546143,
      1.405085802078247,
      1.52054762840271,
      0.48904749751091003,
      1.3599352836608887,
      1.5425540208816528,
      1.6574956178665161,
      1.5713002681732178,
      0.3847387135028839,
      1.545420527458191,
      0.43421241641044617,
      1.6470777988433838,
      0.2655337452888489,
      0.44977226853370667,
      0.244337797164917,
      0.33042144775390625,
      3.512267589569092,
      0.47285377979278564,
      1.1188511848449707,
      1.1376866102218628,
      1.1033591032028198,
      0.9317917227745056,
      1.7376971244812012,
      0.8604310750961304,
      1.368901014328003,
      1.8673474788665771,
      1.183271884918213,
      1.7021992206573486,
      0.41187354922294617,
      2.3952279090881348,
      1.9122529029846191,
      1.0844714641571045,
      1.1310310363769531,
      1.2081438302993774,
      0.6966935396194458,
      0.9945996999740601,
      1.1136598587036133,
      0.8843387365341187,
      1.7107141017913818,
      0.44186821579933167,
      0.5485959053039551,
      1.3087087869644165,
      0.8999613523483276,
      1.1315007209777832,
      1.7136142253875732,
      1.418944239616394,
      1.8039429187774658,
      4.5502238273620605,
      0.9510220289230347
    ],
    [
      3.7022030353546143,
      0.0,
      3.5359606742858887,
      3.76226544380188,
      4.471991062164307,
      3.5499582290649414,
      3.3230886459350586,
      2.5723161697387695,
      3.4135496616363525,
      4.24285888671875,
      2.2389919757843018,
      4.261569976806641,
      2.489673137664795,
      4.050075054168701,
      4.32066011428833,
      3.69498872756958,
      4.2109503746032715,
      0.577752947807312,
      4.277885913848877,
      2.876274585723877,
      2.9824509620666504,
      2.8542490005493164,
      3.0561933517456055,
      2.4363386631011963,
      3.070798635482788,
      3.0361993312835693,
      2.437445640563965,
      3.6955254077911377,
      2.543384313583374,
      3.4788668155670166,
      1.8579320907592773,
      2.321303606033325,
      3.523027181625366,
      3.125453233718872,
      3.05277681350708,
      3.567617893218994,
      3.1652655601501465,
      3.4710209369659424,
      4.046726703643799,
      2.3999810218811035,
      3.5202834606170654,
      3.5094292163848877,
      3.7492103576660156,
      2.8468353748321533,
      2.8094537258148193,
      2.514902353286743,
      3.3353195190429688,
      2.376504421234131,
      2.6451117992401123,
      2.934307813644409
    ],
    [
      1.405085802078247,
      3.5359606742858887,
      0.0,
      0.3083256781101227,
      1.341724157333374,
      0.20627827942371368,
      0.2924875020980835,
      0.9832676649093628,
      0.29782354831695557,
      1.6763088703155518,
      1.7302011251449585,
      1.165686011314392,
      1.087108850479126,
      1.477124810218811,
      1.5667017698287964,
      1.5227020978927612,
      1.3013962507247925,
      3.4428839683532715,
      1.4323577880859375,
      1.0548956394195557,
      1.089491844177246,
      1.109445571899414,
      1.0304558277130127,
      1.153073787689209,
      1.1435718536376953,
      0.536454439163208,
      1.2162132263183594,
      0.31596654653549194,
      1.8115646839141846,
      1.1402413845062256,
      2.5877459049224854,
      1.2857043743133545,
      0.26168501377105713,
      0.45815661549568176,
      0.5484980344772339,
      0.8701625466346741,
      0.6597347259521484,
      0.3272203803062439,
      0.7481728196144104,
      1.2564759254455566,
      1.0293298959732056,
      0.88337242603302,
      0.2605013847351074,
      1.1956497430801392,
      1.410721778869629,
      1.872978925704956,
      0.23991085588932037,
      1.1692123413085938,
      4.0221266746521,
      1.2564220428466797
    ],
    [
      1.52054762840271,
      3.76226544380188,
      0.3083256781101227,
      0.0,
      1.4156782627105713,
      0.3581491708755493,
      0.45542818307876587,
      1.227460265159607,
      0.40840989351272583,
      1.797309398651123,
      1.9493944644927979,
      1.2692115306854248,
      1.2964818477630615,
      1.662366509437561,
      1.6808083057403564,
      1.6687368154525757,
      1.3980602025985718,
      3.6558148860931396,
      1.5648958683013916,
      1.3018428087234497,
      1.2968573570251465,
      1.2915112972259521,
      1.284008264541626,
      1.3896901607513428,
      1.3653528690338135,
      0.7493023872375488,
      1.3586680889129639,
      0.39596235752105713,
      2.049762725830078,
      1.3353784084320068,
      2.788808822631836,
      1.4941434860229492,
      0.45696136355400085,
      0.7576672434806824,
      0.7733922600746155,
      0.9926183223724365,
      0.870314359664917,
      0.4981725811958313,
      0.7874094247817993,
      1.3605613708496094,
      1.1851606369018555,
      1.009425163269043,
      0.31606239080429077,
      1.4300862550735474,
      1.6007516384124756,
      2.1237313747406006,
      0.4666427969932556,
      1.3986485004425049,
      4.251737594604492,
      1.4368367195129395
    ],
    [
      0.48904749751091003,
      4.471991062164307,
      1.341724157333374,
      1.4156782627105713,
      0.0,
      1.3252308368682861,
      1.5404683351516724,
      2.0276620388031006,
      1.546496868133545,
      0.5124314427375793,
      1.9235548973083496,
      0.2645990252494812,
      2.162376880645752,
      0.48593586683273315,
      0.3248581886291504,
      0.598832905292511,
      0.23620066046714783,
      4.383757591247559,
      0.2979516088962555,
      1.5962291955947876,
      1.5558854341506958,
      1.641270399093628,
      1.3185094594955444,
      2.0682334899902344,
      1.3773983716964722,
      1.7971636056900024,
      2.374509811401367,
      1.123708724975586,
      2.1421151161193848,
      0.6621840000152588,
      2.8181374073028564,
      2.3431525230407715,
      1.1251239776611328,
      1.5664132833480835,
      1.4843952655792236,
      0.9037734866142273,
      1.2557648420333862,
      1.0969293117523193,
      0.6958182454109192,
      2.216637134552002,
      0.9479488730430603,
      0.7437925934791565,
      1.1572656631469727,
      1.3778340816497803,
      1.571043610572815,
      2.130131959915161,
      1.4377111196517944,
      2.2050013542175293,
      4.305970668792725,
      1.56663978099823
    ],
    [
      1.3599352836608887,
      3.5499582290649414,
      0.20627827942371368,
      0.3581491708755493,
      1.3252308368682861,
      0.0,
      0.35079801082611084,
      0.9987814426422119,
      0.27576854825019836,
      1.6472419500350952,
      1.751596212387085,
      1.1327470541000366,
      1.0876288414001465,
      1.4391450881958008,
      1.5231744050979614,
      1.4886205196380615,
      1.2476102113723755,
      3.4734010696411133,
      1.4006166458129883,
      1.0530815124511719,
      1.0172369480133057,
      1.1132807731628418,
      1.0225074291229248,
      1.167960524559021,
      1.1485509872436523,
      0.5681473016738892,
      1.185234546661377,
      0.2872251868247986,
      1.861562967300415,
      1.1116605997085571,
      2.539731025695801,
      1.3112362623214722,
      0.2511042058467865,
      0.5525452494621277,
      0.5403926372528076,
      0.6257643699645996,
      0.6936500072479248,
      0.27992182970046997,
      0.8587648868560791,
      1.2639440298080444,
      0.8206716179847717,
      0.8409518599510193,
      0.22092440724372864,
      1.141972303390503,
      1.4096004962921143,
      1.826613426208496,
      0.2522904574871063,
      1.234241247177124,
      4.026589393615723,
      1.2447502613067627
    ],
    [
      1.5425540208816528,
      3.3230886459350586,
      0.2924875020980835,
      0.45542818307876587,
      1.5404683351516724,
      0.35079801082611084,
      0.0,
      0.7959243655204773,
      0.44551414251327515,
      1.8929363489151,
      1.610334873199463,
      1.34123957157135,
      0.8796131610870361,
      1.655434489250183,
      1.7749744653701782,
      1.6279939413070679,
      1.4675178527832031,
      3.2356116771698,
      1.6860114336013794,
      1.0387248992919922,
      1.0559273958206177,
      1.0585441589355469,
      1.0374418497085571,
      1.0063285827636719,
      1.0869641304016113,
      0.35395342111587524,
      0.9272286295890808,
      0.5309346914291382,
      1.617393970489502,
      1.2762653827667236,
      2.419363498687744,
      1.049984097480774,
      0.4544784426689148,
      0.45864740014076233,
      0.46889206767082214,
      0.9174283146858215,
      0.6012300848960876,
      0.5010708570480347,
      0.9898046851158142,
      0.9595670700073242,
      1.0400525331497192,
      0.9874054193496704,
      0.48428139090538025,
      1.183762550354004,
      1.340217113494873,
      1.7155101299285889,
      0.4275364875793457,
      0.9982770681381226,
      3.8531625270843506,
      1.2409542798995972
    ],
    [
      1.6574956178665161,
      2.5723161697387695,
      0.9832676649093628,
      1.227460265159607,
      2.0276620388031006,
      0.9987814426422119,
      0.7959243655204773,
      0.0,
      0.8849826455116272,
      1.9529067277908325,
      1.034865140914917,
      1.6444143056869507,
      0.21224884688854218,
      1.7256479263305664,
      2.218766927719116,
      1.6133164167404175,
      1.883480429649353,
      2.4636082649230957,
      2.0240705013275146,
      0.7940650582313538,
      0.8562828302383423,
      0.8968659043312073,
      0.8846091628074646,
      0.2813134789466858,
      0.9658970832824707,
      0.5742864012718201,
      0.29087716341018677,
      1.1608388423919678,
      0.950009822845459,
      1.284293293952942,
      1.7503114938735962,
      0.3929002583026886,
      1.0273761749267578,
      0.6059891581535339,
      0.6410971879959106,
      1.0551071166992188,
      0.690338671207428,
      0.9900091290473938,
      1.5628745555877686,
      0.2731665074825287,
      1.180067539215088,
      1.2587788105010986,
      1.1835767030715942,
      0.9947983026504517,
      1.190392017364502,
      1.1185581684112549,
      0.811710000038147,
      0.291739284992218,
      3.147718667984009,
      0.9885987043380737
    ],
    [
      1.5713002681732178,
      3.4135496616363525,
      0.29782354831695557,
      0.40840989351272583,
      1.546496868133545,
      0.27576854825019836,
      0.44551414251327515,
      0.8849826455116272,
      0.0,
      1.8833644390106201,
      1.7182250022888184,
      1.3570499420166016,
      0.9778335094451904,
      1.6343305110931396,
      1.812832236289978,
      1.6347899436950684,
      1.4870761632919312,
      3.3105669021606445,
      1.720812201499939,
      1.134909987449646,
      1.0696566104888916,
      1.1341304779052734,
      1.0965099334716797,
      1.0604289770126343,
      1.1807961463928223,
      0.4203006625175476,
      1.0178196430206299,
      0.461826354265213,
      1.744402527809143,
      1.2230536937713623,
      2.515591621398926,
      1.144128680229187,
      0.4316290318965912,
      0.5557167530059814,
      0.5399287343025208,
      0.810845673084259,
      0.6894930005073547,
      0.46638965606689453,
      0.9258525371551514,
      1.0386862754821777,
      1.0174410343170166,
      0.980545699596405,
      0.42557305097579956,
      1.179569959640503,
      1.440422534942627,
      1.7897529602050781,
      0.35962122678756714,
      1.0927858352661133,
      3.9677772521972656,
      1.3124079704284668
    ],
    [
      0.3847387135028839,
      4.24285888671875,
      1.6763088703155518,
      1.797309398651123,
      0.5124314427375793,
      1.6472419500350952,
      1.8929363489151,
      1.9529067277908325,
      1.8833644390106201,
      0.0,
      1.8662431240081787,
      0.5707677006721497,
      2.051287889480591,
      0.3669803738594055,
      0.22999146580696106,
      0.4022548496723175,
      0.45229268074035645,
      3.986292839050293,
      0.3062945008277893,
      1.3728716373443604,
      1.3237957954406738,
      1.4229698181152344,
      1.2818408012390137,
      2.072653293609619,
      1.2068326473236084,
      2.06809139251709,
      2.338155746459961,
      1.4570133686065674,
      2.055232286453247,
      0.6266177892684937,
      2.6775259971618652,
      2.3768093585968018,
      1.4326444864273071,
      1.6685571670532227,
      1.47414231300354,
      0.8395227193832397,
      1.3809638023376465,
      1.436081886291504,
      1.048964023590088,
      2.1467981338500977,
      0.8006664514541626,
      1.0055876970291138,
      1.584405541419983,
      1.2413691282272339,
      1.4430088996887207,
      2.0359301567077637,
      1.7479424476623535,
      2.1071908473968506,
      4.717074871063232,
      1.3087313175201416
    ],
    [
      1.545420527458191,
      2.2389919757843018,
      1.7302011251449585,
      1.9493944644927979,
      1.9235548973083496,
      1.751596212387085,
      1.610334873199463,
      1.034865140914917,
      1.7182250022888184,
      1.8662431240081787,
      0.0,
      1.7293787002563477,
      1.0996015071868896,
      1.6548526287078857,
      1.9610133171081543,
      1.5169947147369385,
      1.7485833168029785,
      2.4567513465881348,
      1.8101887702941895,
      0.7543043494224548,
      0.7626686692237854,
      0.7145751714706421,
      0.7615311741828918,
      1.0866360664367676,
      0.7519668340682983,
      1.4058781862258911,
      1.1972817182540894,
      1.7520946264266968,
      0.22083136439323425,
      1.3355835676193237,
      0.9678497314453125,
      1.2478487491607666,
      1.602839708328247,
      1.2541110515594482,
      1.3090250492095947,
      1.3457173109054565,
      1.1113331317901611,
      1.4595422744750977,
      1.9934779405593872,
      1.0733927488327026,
      1.2445788383483887,
      1.3665488958358765,
      1.8455677032470703,
      0.7757564187049866,
      0.5712063312530518,
      0.19908304512500763,
      1.5267691612243652,
      1.0934795141220093,
      2.5601308345794678,
      0.7715314030647278
    ],
    [
      0.43421241641044617,
      4.261569976806641,
      1.165686011314392,
      1.2692115306854248,
      0.2645990252494812,
      1.1327470541000366,
      1.34123957157135,
      1.6444143056869507,
      1.3570499420166016,
      0.5707677006721497,
      1.7293787002563477,
      0.0,
      1.8847465515136719,
      0.41722747683525085,
      0.4273766875267029,
      0.5546807646751404,
      0.22051195800304413,
      4.110392093658447,
      0.33019962906837463,
      1.3270866870880127,
      1.291149616241455,
      1.4433906078338623,
      1.3679096698760986,
      1.8197176456451416,
      1.1027910709381104,
      1.5894006490707397,
      2.068389415740967,
      0.9195945262908936,
      1.882122278213501,
      0.6344360709190369,
      2.6895675659179688,
      2.1543993949890137,
      0.927777886390686,
      1.3204410076141357,
      1.3177125453948975,
      0.6955593824386597,
      1.1388098001480103,
      0.9112996459007263,
      0.5549143552780151,
      1.9047539234161377,
      0.696358323097229,
      0.6380456686019897,
      1.0686112642288208,
      1.071484923362732,
      1.3333977460861206,
      1.9042671918869019,
      1.3038228750228882,
      1.941847562789917,
      4.33330774307251,
      1.212105631828308
    ],
    [
      1.6470777988433838,
      2.489673137664795,
      1.087108850479126,
      1.2964818477630615,
      2.162376880645752,
      1.0876288414001465,
      0.8796131610870361,
      0.21224884688854218,
      0.9778335094451904,
      2.051287889480591,
      1.0996015071868896,
      1.8847465515136719,
      0.0,
      1.7347947359085083,
      2.328252077102661,
      1.7564139366149902,
      1.9722347259521484,
      2.4085605144500732,
      1.9388272762298584,
      0.8222874999046326,
      0.8377115726470947,
      0.6338760852813721,
      0.9622018337249756,
      0.20325368642807007,
      1.0154411792755127,
      0.6331135034561157,
      0.20580634474754333,
      1.264013648033142,
      1.065110683441162,
      1.3198267221450806,
      1.7690720558166504,
      0.2905513346195221,
      1.0964044332504272,
      0.7040223479270935,
      0.7206686735153198,
      1.273012399673462,
      0.7686891555786133,
      1.068235158920288,
      1.6417200565338135,
      0.17153200507164001,
      1.2353670597076416,
      1.3643313646316528,
      1.2753702402114868,
      0.8318871259689331,
      1.016404151916504,
      1.0857585668563843,
      0.8849542140960693,
      0.2148166000843048,
      3.146343231201172,
      0.863366425037384
    ],
    [
      0.2655337452888489,
      4.050075054168701,
      1.477124810218811,
      1.662366509437561,
      0.48593586683273315,
      1.4391450881958008,
      1.655434489250183,
      1.7256479263305664,
      1.6343305110931396,
      0.3669803738594055,
      1.6548526287078857,
      0.41722747683525085,
      1.7347947359085083,
      0.0,
      0.3512398898601532,
      0.24054262042045593,
      0.34988343715667725,
      3.941445827484131,
      0.3333602845668793,
      1.1786212921142578,
      1.1101151704788208,
      1.334855318069458,
      1.1144332885742188,
      1.8466095924377441,
      0.9519648551940918,
      1.4860121011734009,
      1.9881720542907715,
      1.2789762020111084,
      1.815834403038025,
      0.409920334815979,
      2.4793803691864014,
      1.9859825372695923,
      1.2524542808532715,
      1.1911137104034424,
      1.228132724761963,
      0.6217788457870483,
      1.1336610317230225,
      1.2314624786376953,
      0.886565625667572,
      1.8356958627700806,
      0.5051594972610474,
      0.6005334258079529,
      1.2894693613052368,
      1.0377814769744873,
      1.1914302110671997,
      1.799731969833374,
      1.5436089038848877,
      1.8155755996704102,
      4.6263556480407715,
      1.0826634168624878
    ],
    [
      0.44977226853370667,
      4.32066011428833,
      1.5667017698287964,
      1.6808083057403564,
      0.3248581886291504,
      1.5231744050979614,
      1.7749744653701782,
      2.218766927719116,
      1.812832236289978,
      0.22999146580696106,
      1.9610133171081543,
      0.4273766875267029,
      2.328252077102661,
      0.3512398898601532,
      0.0,
      0.5440429449081421,
      0.30537065863609314,
      4.205909729003906,
      0.18617096543312073,
      1.5132157802581787,
      1.632530689239502,
      1.6327037811279297,
      1.3565340042114258,
      2.340832471847534,
      1.3318428993225098,
      1.973642110824585,
      2.5835423469543457,
      1.3521589040756226,
      2.156247854232788,
      0.7995550632476807,
      2.7025527954101562,
      2.580660820007324,
      1.3180736303329468,
      1.6705256700515747,
      1.7517279386520386,
      1.0572669506072998,
      1.4621739387512207,
      1.315282940864563,
      0.9152904152870178,
      2.253819465637207,
      1.0998972654342651,
      1.0196466445922852,
      1.4325628280639648,
      1.282930612564087,
      1.4851869344711304,
      2.1401138305664062,
      1.6386959552764893,
      2.342161178588867,
      4.6833086013793945,
      1.4041317701339722
    ],
    [
      0.244337797164917,
      3.69498872756958,
      1.5227020978927612,
      1.6687368154525757,
      0.598832905292511,
      1.4886205196380615,
      1.6279939413070679,
      1.6133164167404175,
      1.6347899436950684,
      0.4022548496723175,
      1.5169947147369385,
      0.5546807646751404,
      1.7564139366149902,
      0.24054262042045593,
      0.5440429449081421,
      0.0,
      0.48067525029182434,
      3.7211802005767822,
      0.5156236290931702,
      1.0658849477767944,
      1.0499696731567383,
      1.1500917673110962,
      0.9897258877754211,
      1.813389539718628,
      0.8965657949447632,
      1.4683818817138672,
      1.9102649688720703,
      1.3096671104431152,
      1.6459524631500244,
      0.49546924233436584,
      2.4121360778808594,
      1.879259467124939,
      1.2795896530151367,
      1.2022820711135864,
      1.277273416519165,
      0.6429687738418579,
      1.0970523357391357,
      1.248184084892273,
      0.9959459900856018,
      1.7437331676483154,
      0.7315645217895508,
      0.7106568217277527,
      1.430362343788147,
      0.938812792301178,
      1.0773204565048218,
      1.642442226409912,
      1.5293015241622925,
      1.7792694568634033,
      4.488327503204346,
      1.0117125511169434
    ],
    [
      0.33042144775390625,
      4.2109503746032715,
      1.3013962507247925,
      1.3980602025985718,
      0.23620066046714783,
      1.2476102113723755,
      1.4675178527832031,
      1.883480429649353,
      1.4870761632919312,
      0.45229268074035645,
      1.7485833168029785,
      0.22051195800304413,
      1.9722347259521484,
      0.34988343715667725,
      0.30537065863609314,
      0.48067525029182434,
      0.0,
      3.966334104537964,
      0.23711590468883514,
      1.4120780229568481,
      1.4665148258209229,
      1.47896409034729,
      1.2106813192367554,
      2.0434629917144775,
      1.0546305179595947,
      1.6631942987442017,
      2.0644900798797607,
      1.0775264501571655,
      1.9358505010604858,
      0.4933450222015381,
      2.684600591659546,
      2.2194173336029053,
      1.067427158355713,
      1.4701814651489258,
      1.3979977369308472,
      0.8355441093444824,
      1.2175867557525635,
      1.0382448434829712,
      0.6860800385475159,
      2.018615484237671,
      0.6955736875534058,
      0.6769123077392578,
      1.1774951219558716,
      1.1342034339904785,
      1.2588207721710205,
      1.8803651332855225,
      1.4048336744308472,
      2.035409927368164,
      4.412998676300049,
      1.1686227321624756
    ],
    [
      3.512267589569092,
      0.577752947807312,
      3.4428839683532715,
      3.6558148860931396,
      4.383757591247559,
      3.4734010696411133,
      3.2356116771698,
      2.4636082649230957,
      3.3105669021606445,
      3.986292839050293,
      2.4567513465881348,
      4.110392093658447,
      2.4085605144500732,
      3.941445827484131,
      4.205909729003906,
      3.7211802005767822,
      3.966334104537964,
      0.0,
      4.021049976348877,
      2.566114902496338,
      2.794426441192627,
      2.6365134716033936,
      2.8102073669433594,
      2.395585060119629,
      2.789231061935425,
      2.943325996398926,
      2.329407215118408,
      3.5726232528686523,
      2.2556042671203613,
      3.320664167404175,
      1.6975706815719604,
      2.2181556224823,
      3.4043617248535156,
      2.992295265197754,
      2.926985740661621,
      3.4536190032958984,
      3.0227818489074707,
      3.3661155700683594,
      3.9162490367889404,
      2.3690991401672363,
      3.4184365272521973,
      3.468143939971924,
      3.6593759059906006,
      2.8305435180664062,
      2.6656012535095215,
      2.269014835357666,
      3.2673826217651367,
      2.394454002380371,
      2.470679998397827,
      2.695343017578125
    ],
    [
      0.47285377979278564,
      4.277885913848877,
      1.4323577880859375,
      1.5648958683013916,
      0.2979516088962555,
      1.4006166458129883,
      1.6860114336013794,
      2.0240705013275146,
      1.720812201499939,
      0.3062945008277893,
      1.8101887702941895,
      0.33019962906837463,
      1.9388272762298584,
      0.3333602845668793,
      0.18617096543312073,
      0.5156236290931702,
      0.23711590468883514,
      4.021049976348877,
      0.0,
      1.3870208263397217,
      1.416455864906311,
      1.5378016233444214,
      1.4261306524276733,
      2.1414241790771484,
      1.1155846118927002,
      1.8247321844100952,
      2.151682138442993,
      1.219562292098999,
      1.9604661464691162,
      0.5830774903297424,
      2.632310628890991,
      2.147578477859497,
      1.205959677696228,
      1.573743462562561,
      1.4670131206512451,
      0.9736661911010742,
      1.2764605283737183,
      1.1884536743164062,
      0.8417621850967407,
      2.057049512863159,
      0.7333434224128723,
      0.855854332447052,
      1.3400332927703857,
      1.1456111669540405,
      1.3299716711044312,
      1.9135862588882446,
      1.5543713569641113,
      2.1471197605133057,
      4.515800476074219,
      1.237301230430603
    ],
    [
      1.1188511848449707,
      2.876274585723877,
      1.0548956394195557,
      1.3018428087234497,
      1.5962291955947876,
      1.0530815124511719,
      1.0387248992919922,
      0.7940650582313538,
      1.134909987449646,
      1.3728716373443604,
      0.7543043494224548,
      1.3270866870880127,
      0.8222874999046326,
      1.1786212921142578,
      1.5132157802581787,
      1.0658849477767944,
      1.4120780229568481,
      2.566114902496338,
      1.3870208263397217,
      0.0,
      0.2369489073753357,
      0.2541770040988922,
      0.23202793300151825,
      0.7284519076347351,
      0.5073090195655823,
      0.8894237279891968,
      0.7958484888076782,
      1.1780424118041992,
      0.8121137619018555,
      0.8013943433761597,
      1.542769193649292,
      0.875802755355835,
      1.0225131511688232,
      0.6349608898162842,
      0.6426758170127869,
      0.8253248929977417,
      0.5288150906562805,
      0.982164204120636,
      1.3629992008209229,
      0.7216893434524536,
      0.9549310207366943,
      0.9667976498603821,
      1.230968952178955,
      0.23217593133449554,
      0.40700462460517883,
      0.8467045426368713,
      0.9393688440322876,
      0.7227483987808228,
      3.172287940979004,
      0.26801198720932007
    ],
    [
      1.1376866102218628,
      2.9824509620666504,
      1.089491844177246,
      1.2968573570251465,
      1.5558854341506958,
      1.0172369480133057,
      1.0559273958206177,
      0.8562828302383423,
      1.0696566104888916,
      1.3237957954406738,
      0.7626686692237854,
      1.291149616241455,
      0.8377115726470947,
      1.1101151704788208,
      1.632530689239502,
      1.0499696731567383,
      1.4665148258209229,
      2.794426441192627,
      1.416455864906311,
      0.2369489073753357,
      0.0,
      0.3335052728652954,
      0.4889541268348694,
      0.7644748687744141,
      0.4540511667728424,
      0.8131269216537476,
      0.9286794662475586,
      1.0473538637161255,
      0.8800233602523804,
      0.7383067011833191,
      1.6169157028198242,
      0.9108675718307495,
      0.8303306698799133,
      0.6066360473632812,
      0.603937029838562,
      0.7922040224075317,
      0.45931297540664673,
      0.814683735370636,
      1.3170067071914673,
      0.7686939835548401,
      0.831698477268219,
      0.9146267175674438,
      1.0918595790863037,
      0.22638802230358124,
      0.5990003943443298,
      0.8656194806098938,
      0.901923418045044,
      0.8385774493217468,
      3.2860937118530273,
      0.4358152151107788
    ],
    [
      1.1033591032028198,
      2.8542490005493164,
      1.109445571899414,
      1.2915112972259521,
      1.641270399093628,
      1.1132807731628418,
      1.0585441589355469,
      0.8968659043312073,
      1.1341304779052734,
      1.4229698181152344,
      0.7145751714706421,
      1.4433906078338623,
      0.6338760852813721,
      1.334855318069458,
      1.6327037811279297,
      1.1500917673110962,
      1.47896409034729,
      2.6365134716033936,
      1.5378016233444214,
      0.2541770040988922,
      0.3335052728652954,
      0.0,
      0.43573498725891113,
      0.66501784324646,
      0.32075393199920654,
      0.8292051553726196,
      0.7282625436782837,
      1.1259112358093262,
      0.7701662182807922,
      0.9167163372039795,
      1.582365870475769,
      0.8239099383354187,
      0.9279291033744812,
      0.6305581331253052,
      0.6348441243171692,
      0.9096239805221558,
      0.591223418712616,
      0.8967477083206177,
      1.4419547319412231,
      0.6563000082969666,
      0.9677003622055054,
      0.969413697719574,
      1.2183222770690918,
      0.35719093680381775,
      0.546858012676239,
      0.7597945928573608,
      0.9902374148368835,
      0.6562219262123108,
      2.9366605281829834,
      0.33190274238586426
    ],
    [
      0.9317917227745056,
      3.0561933517456055,
      1.0304558277130127,
      1.284008264541626,
      1.3185094594955444,
      1.0225074291229248,
      1.0374418497085571,
      0.8846091628074646,
      1.0965099334716797,
      1.2818408012390137,
      0.7615311741828918,
      1.3679096698760986,
      0.9622018337249756,
      1.1144332885742188,
      1.3565340042114258,
      0.9897258877754211,
      1.2106813192367554,
      2.8102073669433594,
      1.4261306524276733,
      0.23202793300151825,
      0.4889541268348694,
      0.43573498725891113,
      0.0,
      0.9045611619949341,
      0.22793495655059814,
      0.8341964483261108,
      0.9855057001113892,
      1.064249038696289,
      0.90208899974823,
      0.6331515312194824,
      1.6246039867401123,
      1.0129852294921875,
      0.928970456123352,
      0.7084486484527588,
      0.5715302228927612,
      0.6966996788978577,
      0.4350805878639221,
      0.8193778395652771,
      1.2299307584762573,
      0.8855230808258057,
      0.5758514404296875,
      0.8640227913856506,
      1.1329913139343262,
      0.2871863842010498,
      0.49944329261779785,
      0.8835879564285278,
      0.8856936097145081,
      0.8494142293930054,
      3.2596724033355713,
      0.2639867663383484
    ],
    [
      1.7376971244812012,
      2.4363386631011963,
      1.153073787689209,
      1.3896901607513428,
      2.0682334899902344,
      1.167960524559021,
      1.0063285827636719,
      0.2813134789466858,
      1.0604289770126343,
      2.072653293609619,
      1.0866360664367676,
      1.8197176456451416,
      0.20325368642807007,
      1.8466095924377441,
      2.340832471847534,
      1.813389539718628,
      2.0434629917144775,
      2.395585060119629,
      2.1414241790771484,
      0.7284519076347351,
      0.7644748687744141,
      0.66501784324646,
      0.9045611619949341,
      0.0,
      0.8765766024589539,
      0.7465206384658813,
      0.2523505687713623,
      1.3159515857696533,
      1.0503206253051758,
      1.436008095741272,
      1.743735432624817,
      0.3195366859436035,
      1.1936664581298828,
      0.7655354738235474,
      0.7798133492469788,
      1.263842225074768,
      0.8678758144378662,
      1.162911295890808,
      1.7320576906204224,
      0.2210708111524582,
      1.3150300979614258,
      1.3514137268066406,
      1.356868028640747,
      0.9358389377593994,
      1.0207281112670898,
      1.1021077632904053,
      0.9923343062400818,
      0.22074691951274872,
      3.0715885162353516,
      0.8415157198905945
    ],
    [
      0.8604310750961304,
      3.070798635482788,
      1.1435718536376953,
      1.3653528690338135,
      1.3773983716964722,
      1.1485509872436523,
      1.0869641304016113,
      0.9658970832824707,
      1.1807961463928223,
      1.2068326473236084,
      0.7519668340682983,
      1.1027910709381104,
      1.0154411792755127,
      0.9519648551940918,
      1.3318428993225098,
      0.8965657949447632,
      1.0546305179595947,
      2.789231061935425,
      1.1155846118927002,
      0.5073090195655823,
      0.4540511667728424,
      0.32075393199920654,
      0.22793495655059814,
      0.8765766024589539,
      0.0,
      0.9554063677787781,
      1.1280980110168457,
      1.0643013715744019,
      1.0973479747772217,
      0.5861979722976685,
      1.603939175605774,
      1.0938640832901,
      0.9481121897697449,
      0.7952929735183716,
      0.7374769449234009,
      0.7212969660758972,
      0.5360596179962158,
      0.8813680410385132,
      1.0638349056243896,
      0.9368769526481628,
      0.5957234501838684,
      0.669243574142456,
      1.1942939758300781,
      0.08507359772920609,
      0.611034095287323,
      0.9318722486495972,
      0.9950046539306641,
      0.9304273724555969,
      3.2362608909606934,
      0.32716384530067444
    ],
    [
      1.368901014328003,
      3.0361993312835693,
      0.536454439163208,
      0.7493023872375488,
      1.7971636056900024,
      0.5681473016738892,
      0.35395342111587524,
      0.5742864012718201,
      0.4203006625175476,
      2.06809139251709,
      1.4058781862258911,
      1.5894006490707397,
      0.6331135034561157,
      1.4860121011734009,
      1.973642110824585,
      1.4683818817138672,
      1.6631942987442017,
      2.943325996398926,
      1.8247321844100952,
      0.8894237279891968,
      0.8131269216537476,
      0.8292051553726196,
      0.8341964483261108,
      0.7465206384658813,
      0.9554063677787781,
      0.0,
      0.7089246511459351,
      0.7566092014312744,
      1.468386173248291,
      1.1116681098937988,
      2.217616558074951,
      0.8400006890296936,
      0.6680223345756531,
      0.3354949951171875,
      0.2734100818634033,
      0.8876667022705078,
      0.4968363344669342,
      0.635140061378479,
      1.2046611309051514,
      0.768428385257721,
      0.9829384088516235,
      0.9782131314277649,
      0.733256459236145,
      0.9850311279296875,
      1.1660135984420776,
      1.4993259906768799,
      0.4207766354084015,
      0.7559539079666138,
      3.642627239227295,
      1.0335716009140015
    ],
    [
      1.8673474788665771,
      2.437445640563965,
      1.2162132263183594,
      1.3586680889129639,
      2.374509811401367,
      1.185234546661377,
      0.9272286295890808,
      0.29087716341018677,
      1.0178196430206299,
      2.338155746459961,
      1.1972817182540894,
      2.068389415740967,
      0.20580634474754333,
      1.9881720542907715,
      2.5835423469543457,
      1.9102649688720703,
      2.0644900798797607,
      2.329407215118408,
      2.151682138442993,
      0.7958484888076782,
      0.9286794662475586,
      0.7282625436782837,
      0.9855057001113892,
      0.2523505687713623,
      1.1280980110168457,
      0.7089246511459351,
      0.0,
      1.3527963161468506,
      1.109612226486206,
      1.5355219841003418,
      1.9114530086517334,
      0.19379140436649323,
      1.2524745464324951,
      0.8152204155921936,
      0.8423846960067749,
      1.379034161567688,
      0.9712574481964111,
      1.233034372329712,
      1.7964919805526733,
      0.22385838627815247,
      1.4562065601348877,
      1.4882256984710693,
      1.389345407485962,
      1.139358401298523,
      1.0551915168762207,
      1.2204806804656982,
      0.9717744588851929,
      0.2518993020057678,
      3.337862491607666,
      0.9811874032020569
    ],
    [
      1.183271884918213,
      3.6955254077911377,
      0.31596654653549194,
      0.39596235752105713,
      1.123708724975586,
      0.2872251868247986,
      0.5309346914291382,
      1.1608388423919678,
      0.461826354265213,
      1.4570133686065674,
      1.7520946264266968,
      0.9195945262908936,
      1.264013648033142,
      1.2789762020111084,
      1.3521589040756226,
      1.3096671104431152,
      1.0775264501571655,
      3.5726232528686523,
      1.219562292098999,
      1.1780424118041992,
      1.0473538637161255,
      1.1259112358093262,
      1.064249038696289,
      1.3159515857696533,
      1.0643013715744019,
      0.7566092014312744,
      1.3527963161468506,
      0.0,
      1.9083994626998901,
      0.9525703191757202,
      2.6622915267944336,
      1.4663269519805908,
      0.32593122124671936,
      0.6390529274940491,
      0.6987937688827515,
      0.6920788884162903,
      0.7358916401863098,
      0.316625714302063,
      0.6455765962600708,
      1.3129560947418213,
      0.8428629040718079,
      0.6988322734832764,
      0.2825053930282593,
      1.1227420568466187,
      1.2412489652633667,
      1.820003628730774,
      0.45345526933670044,
      1.3977000713348389,
      4.010733604431152,
      1.1603137254714966
    ],
    [
      1.7021992206573486,
      2.543384313583374,
      1.8115646839141846,
      2.049762725830078,
      2.1421151161193848,
      1.861562967300415,
      1.617393970489502,
      0.950009822845459,
      1.744402527809143,
      2.055232286453247,
      0.22083136439323425,
      1.882122278213501,
      1.065110683441162,
      1.815834403038025,
      2.156247854232788,
      1.6459524631500244,
      1.9358505010604858,
      2.2556042671203613,
      1.9604661464691162,
      0.8121137619018555,
      0.8800233602523804,
      0.7701662182807922,
      0.90208899974823,
      1.0503206253051758,
      1.0973479747772217,
      1.468386173248291,
      1.109612226486206,
      1.9083994626998901,
      0.0,
      1.4344173669815063,
      0.923737108707428,
      1.1834838390350342,
      1.7445085048675537,
      1.3620131015777588,
      1.2828949689865112,
      1.4681086540222168,
      1.2592670917510986,
      1.614455223083496,
      2.1295406818389893,
      0.9552057981491089,
      1.4020662307739258,
      1.5572853088378906,
      2.0354814529418945,
      0.8592113256454468,
      0.7204020619392395,
      0.23854650557041168,
      1.5704591274261475,
      1.0235521793365479,
      2.3713393211364746,
      0.9425515532493591
    ],
    [
      0.41187354922294617,
      3.4788668155670166,
      1.1402413845062256,
      1.3353784084320068,
      0.6621840000152588,
      1.1116605997085571,
      1.2762653827667236,
      1.284293293952942,
      1.2230536937713623,
      0.6266177892684937,
      1.3355835676193237,
      0.6344360709190369,
      1.3198267221450806,
      0.409920334815979,
      0.7995550632476807,
      0.49546924233436584,
      0.4933450222015381,
      3.320664167404175,
      0.5830774903297424,
      0.8013943433761597,
      0.7383067011833191,
      0.9167163372039795,
      0.6331515312194824,
      1.436008095741272,
      0.5861979722976685,
      1.1116681098937988,
      1.5355219841003418,
      0.9525703191757202,
      1.4344173669815063,
      0.0,
      2.140737533569336,
      1.5122807025909424,
      0.9493217468261719,
      0.9183101654052734,
      0.9291206002235413,
      0.35965588688850403,
      0.8419160842895508,
      0.8828444480895996,
      0.6842467188835144,
      1.4272098541259766,
      0.4276522696018219,
      0.35288071632385254,
      1.0736067295074463,
      0.6887667775154114,
      0.9326086640357971,
      1.4033682346343994,
      1.195448875427246,
      1.4734760522842407,
      3.839071273803711,
